Zola_ventreparis_Chapitre3	O
	
Trois	O
jours	O
plus	O
tard	O
,	O
les	O
formalités	O
étaient	O
faites	O
,	O
la	O
préfecture	O
acceptait	O
Florent	S-PER
des	O
mains	O
de	O
monsieur	B-PER
Verlaque	E-PER
,	O
presque	O
les	O
yeux	O
fermés	O
,	O
à	O
simple	O
titre	O
de	O
remplaçant	O
,	O
d’	O
ailleurs	O
.	O
	
Gavard	S-PER
avait	O
voulu	O
les	O
accompagner	O
.	O
	
Quand	O
il	O
se	O
retrouva	O
seul	O
avec	O
Florent	S-PER
,	O
sur	O
le	O
trottoir	O
,	O
il	O
lui	O
donna	O
des	O
coups	O
de	O
coude	O
dans	O
les	O
côtes	O
,	O
riant	O
sans	O
rien	O
dire	O
,	O
avec	O
des	O
clignements	O
d’yeux	O
goguenards	O
.	O
	
Les	O
sergents	O
de	O
ville	O
qu’	O
il	O
rencontra	O
sur	O
le	B-LOC
quai	I-LOC
de	I-LOC
l’	I-LOC
Horloge	E-LOC
lui	O
parurent	O
sans	O
doute	O
très	O
ridicules	O
;	O
	
car	O
,	O
en	O
passant	O
devant	O
eux	O
,	O
il	O
eut	O
un	O
léger	O
renflement	O
de	O
dos	O
,	O
une	O
moue	O
d’	O
homme	O
qui	O
se	O
retient	O
pour	O
ne	O
pas	O
éclater	O
au	O
nez	O
des	O
gens	O
.	O
	
Dès	O
le	O
lendemain	O
,	O
monsieur	B-PER
Verlaque	E-PER
commença	O
à	O
mettre	O
le	O
nouvel	O
inspecteur	O
au	O
courant	O
de	O
la	O
besogne	O
.	O
	
Il	O
devait	O
,	O
pendant	O
quelques	O
matinées	O
,	O
le	O
guider	O
au	O
milieu	O
du	O
monde	O
turbulent	O
qu’	O
il	O
allait	O
avoir	O
à	O
surveiller	O
.	O
	
Ce	O
pauvre	O
Verlaque	S-PER
,	O
comme	O
le	O
nommait	O
Gavard	S-PER
,	O
était	O
un	O
petit	O
homme	O
pâle	O
,	O
toussant	O
beaucoup	O
,	O
emmailloté	O
de	O
flanelle	O
,	O
de	O
foulards	O
,	O
de	O
cache-nez	O
,	O
se	O
promenant	O
dans	O
l’	O
humidité	O
fraîche	O
et	O
dans	O
les	O
eaux	O
courantes	O
de	O
la	O
poissonnerie	O
,	O
avec	O
des	O
jambes	O
maigres	O
d’	O
enfant	O
maladif	O
.	O
	
Le	O
premier	O
matin	O
,	O
lorsque	O
Florent	S-PER
arriva	O
à	O
sept	O
heures	O
,	O
il	O
se	O
trouva	O
perdu	O
,	O
les	O
yeux	O
effarés	O
,	O
la	O
tête	O
cassée	O
.	O
	
Autour	O
des	O
neuf	O
bancs	O
de	O
criée	O
,	O
rôdaient	O
déjà	O
des	O
revendeuses	O
tandis	O
que	O
les	O
employés	O
arrivaient	O
avec	O
leurs	O
registres	O
,	O
et	O
que	O
les	O
agents	O
des	O
expéditeurs	O
,	O
portant	O
en	O
sautoir	O
des	O
gibecières	O
de	O
cuir	O
,	O
attendaient	O
la	O
recette	O
,	O
assis	O
sur	O
des	O
chaises	O
renversées	O
,	O
contre	O
les	O
bureaux	O
de	O
vente	O
.	O
	
On	O
déchargeait	O
,	O
on	O
déballait	O
la	O
marée	O
,	O
dans	O
l’	O
enceinte	O
fermée	O
des	O
bancs	O
,	O
et	O
jusque	O
sur	O
les	O
trottoirs	O
.	O
	
C’	O
était	O
,	O
le	O
long	O
du	O
carreau	O
,	O
des	O
amoncellements	O
de	O
petites	O
bourriches	O
,	O
un	O
arrivage	O
continu	O
de	O
caisses	O
et	O
de	O
paniers	O
,	O
des	O
sacs	O
de	O
moules	O
empilés	O
laissant	O
couler	O
des	O
rigoles	O
d’	O
eau	O
.	O
	
Les	O
compteurs-verseurs	O
,	O
très	O
affairés	O
,	O
enjambant	O
les	O
tas	O
,	O
arrachaient	O
d’	O
une	O
poignée	O
la	O
paille	O
des	O
bourriches	O
,	O
les	O
vidaient	O
,	O
les	O
jetaient	O
,	O
vivement	O
;	O
et	O
,	O
sur	O
les	O
larges	O
mannes	O
rondes	O
,	O
en	O
un	O
seul	O
coup	O
de	O
main	O
,	O
ils	O
distribuaient	O
les	O
lots	O
,	O
leur	O
donnaient	O
une	O
tournure	O
avantageuse	O
.	O
	
Quand	O
les	O
mannes	O
s’	O
étalèrent	O
,	O
Florent	S-PER
put	O
croire	O
qu’	O
un	O
banc	O
de	O
poissons	O
venait	O
d’	O
échouer	O
là	O
,	O
sur	O
ce	O
trottoir	O
,	O
râlant	O
encore	O
,	O
avec	O
les	O
nacres	O
roses	O
,	O
les	O
coraux	O
saignants	O
,	O
les	O
perles	O
laiteuses	O
,	O
toutes	O
les	O
moires	O
et	O
toutes	O
les	O
pâleurs	O
glauques	O
de	O
l’	O
océan	O
.	O
	
Pêle-mêle	O
,	O
au	O
hasard	O
du	O
coup	O
de	O
filet	O
,	O
les	O
algues	O
profondes	O
,	O
où	O
dort	O
la	O
vie	O
mystérieuse	O
des	O
grandes	O
eaux	O
,	O
avaient	O
tout	O
livré	O
:	O
les	O
cabillauds	O
,	O
les	O
aigrefins	O
,	O
les	O
carrelets	O
,	O
les	O
plies	O
,	O
les	O
limandes	O
,	O
bêtes	O
communes	O
,	O
d’	O
un	O
gris	O
sale	O
,	O
aux	O
taches	O
blanchâtres	O
;	O
	
les	O
congres	O
,	O
ces	O
grosses	O
couleuvres	O
d’	O
un	O
bleu	O
de	O
vase	O
,	O
aux	O
minces	O
yeux	O
noirs	O
,	O
si	O
gluantes	O
qu’	O
elles	O
semblent	O
ramper	O
,	O
vivantes	O
encore	O
;	O
	
les	O
raies	O
élargies	O
,	O
à	O
ventre	O
pâle	O
bordé	O
de	O
rouge	O
tendre	O
,	O
dont	O
les	O
dos	O
superbes	O
,	O
allongeant	O
les	O
nœuds	O
saillants	O
de	O
l’	O
échine	O
,	O
se	O
marbrent	O
,	O
jusqu’	O
aux	O
baleines	O
tendues	O
des	O
nageoires	O
,	O
de	O
plaques	O
de	O
cinabre	O
coupées	O
par	O
des	O
zébrures	O
de	O
bronze	O
florentin	O
,	O
d’	O
une	O
bigarrure	O
assombrie	O
de	O
crapaud	O
et	O
de	O
fleur	O
malsaine	O
;	O
	
les	O
chiens	O
de	O
mer	O
,	O
horribles	O
,	O
avec	O
leurs	O
têtes	O
rondes	O
,	O
leurs	O
bouches	O
largement	O
fendues	O
d’	O
idoles	O
chinoises	O
,	O
leurs	O
courtes	O
ailes	O
de	O
chauves-souris	O
charnues	O
,	O
monstres	O
qui	O
doivent	O
garder	O
de	O
leurs	O
abois	O
les	O
trésors	O
des	O
grottes	O
marines	O
.	O
	
Puis	O
,	O
venaient	O
les	O
beaux	O
poissons	O
,	O
isolés	O
,	O
un	O
sur	O
chaque	O
plateau	O
d’osier	O
:	O
les	O
saumons	O
,	O
d’	O
argent	O
guilloché	O
,	O
dont	O
chaque	O
écaille	O
semble	O
un	O
coup	O
de	O
burin	O
dans	O
le	O
poli	O
du	O
métal	O
,	O
les	O
mulets	O
,	O
d’écailles	O
plus	O
fortes	O
,	O
de	O
ciselures	O
plus	O
grossières	O
;	O
	
les	O
grands	O
turbots	O
,	O
les	O
grandes	O
barbues	O
,	O
d’	O
un	O
grain	O
serré	O
et	O
blanc	O
comme	O
du	O
lait	O
caillé	O
;	O
	
les	O
thons	O
,	O
lisses	O
et	O
vernis	O
,	O
pareils	O
à	O
des	O
sacs	O
de	O
cuir	O
noirâtre	O
;	O
	
les	O
bars	O
arrondis	O
,	O
ouvrant	O
une	O
bouche	O
énorme	O
,	O
faisant	O
songer	O
à	O
quelque	O
âme	O
trop	O
grosse	O
,	O
rendue	O
à	O
pleine	O
gorge	O
,	O
dans	O
la	O
stupéfaction	O
de	O
l’	O
agonie	O
.	O
	
Et	O
,	O
de	O
toutes	O
parts	O
,	O
les	O
soles	O
,	O
par	O
paires	O
,	O
grises	O
ou	O
blondes	O
,	O
pullulaient	O
;	O
	
les	O
équilles	O
minces	O
,	O
raidies	O
,	O
ressemblaient	O
à	O
des	O
rognures	O
d’	O
étain	O
;	O
	
les	O
harengs	O
,	O
légèrement	O
tordus	O
,	O
montraient	O
tous	O
,	O
sur	O
leurs	O
robes	O
lamées	O
,	O
la	O
meurtrissure	O
de	O
leurs	O
ouïes	O
saignantes	O
;	O
	
les	O
dorades	O
grasses	O
se	O
teintaient	O
d’	O
une	O
pointe	O
de	O
carmin	O
,	O
tandis	O
que	O
les	O
maquereaux	O
,	O
dorés	O
,	O
le	O
dos	O
strié	O
de	O
brunissures	O
verdâtres	O
,	O
faisaient	O
luire	O
la	O
nacre	O
changeante	O
de	O
leurs	O
flancs	O
,	O
et	O
que	O
les	O
grondins	O
roses	O
,	O
à	O
ventres	O
blancs	O
,	O
les	O
têtes	O
rangées	O
au	O
centre	O
des	O
mannes	O
,	O
les	O
queues	O
rayonnantes	O
,	O
épanouissaient	O
d’	O
étranges	O
floraisons	O
,	O
panachées	O
de	O
blanc	O
de	O
perle	O
et	O
de	O
vermillon	O
vif	O
.	O
	
Il	O
y	O
avait	O
encore	O
des	O
rougets	O
de	O
roche	O
,	O
à	O
la	O
chair	O
exquise	O
,	O
du	O
rouge	O
enluminé	O
des	O
cyprins	O
,	O
des	O
caisses	O
de	O
merlans	O
aux	O
reflets	O
d’	O
opale	O
,	O
des	O
paniers	O
d’	O
éperlans	O
,	O
de	O
petits	O
paniers	O
propres	O
,	O
jolis	O
comme	O
des	O
paniers	O
de	O
fraises	O
,	O
qui	O
laissaient	O
échapper	O
une	O
odeur	O
puissante	O
de	O
violette	O
.	O
	
Cependant	O
,	O
les	O
crevettes	O
roses	O
,	O
les	O
crevettes	O
grises	O
,	O
dans	O
des	O
bourriches	O
,	O
mettaient	O
,	O
au	O
milieu	O
de	O
la	O
douceur	O
effacée	O
de	O
leurs	O
tas	O
,	O
les	O
imperceptibles	O
boutons	O
de	O
jais	O
de	O
leurs	O
milliers	O
d’yeux	O
;	O
	
les	O
langoustes	O
épineuses	O
,	O
les	O
homards	O
tigrés	O
de	O
noir	O
,	O
vivants	O
encore	O
,	O
se	O
traînant	O
sur	O
leurs	O
pattes	O
cassées	O
,	O
craquaient	O
.	O
	
Florent	S-PER
écoutait	O
mal	O
les	O
explications	O
de	O
monsieur	B-PER
Verlaque	E-PER
.	O
	
Une	O
barre	O
de	O
soleil	O
,	O
tombant	O
du	O
haut	O
vitrage	O
de	O
la	O
rue	O
couverte	O
,	O
vint	O
allumer	O
ces	O
couleurs	O
précieuses	O
,	O
lavées	O
et	O
attendries	O
par	O
la	O
vague	O
,	O
irisée	O
et	O
fondues	O
dans	O
les	O
tons	O
de	O
chair	O
des	O
coquillages	O
,	O
l’	O
opale	O
des	O
merlans	O
,	O
la	O
nacre	O
des	O
maquereaux	O
,	O
l’	O
or	O
des	O
rougets	O
,	O
la	O
robe	O
lamée	O
des	O
harengs	O
,	O
les	O
grandes	O
pièces	O
d’	O
argenterie	O
des	O
saumons	O
.	O
	
C’	O
était	O
comme	O
les	O
écrins	O
,	O
vidés	O
à	O
terre	O
,	O
de	O
quelque	O
fille	O
des	O
eaux	O
,	O
des	O
parures	O
inouïes	O
et	O
bizarres	O
,	O
un	O
ruissellement	O
,	O
un	O
entassement	O
de	O
colliers	O
,	O
de	O
bracelets	O
monstrueux	O
,	O
de	O
broches	O
gigantesques	O
,	O
de	O
bijoux	O
barbares	O
,	O
dont	O
l’	O
usage	O
échappait	O
.	O
	
Sur	O
le	O
dos	O
des	O
raies	O
et	O
des	O
chiens	O
de	O
mer	O
,	O
de	O
grosses	O
pierres	O
sombres	O
,	O
violâtres	O
,	O
verdâtres	O
,	O
s’	O
enchâssaient	O
dans	O
un	O
métal	O
noirci	O
;	O
et	O
les	O
minces	O
barres	O
des	O
équilles	O
,	O
les	O
queues	O
et	O
les	O
nageoires	O
des	O
éperlans	O
,	O
avaient	O
des	O
délicatesses	O
de	O
bijouterie	O
fine	O
.	O
	
Mais	O
ce	O
qui	O
montait	O
à	O
la	O
face	O
de	O
Florent	S-PER
,	O
c’	O
était	O
un	O
souffle	O
frais	O
,	O
un	O
vent	O
de	O
mer	O
qu’	O
il	O
reconnaissait	O
,	O
amer	O
et	O
salé	O
.	O
	
Il	O
se	O
souvenait	O
des	B-LOC
côtes	I-LOC
de	I-LOC
la	I-LOC
Guyane	E-LOC
,	O
des	O
beaux	O
temps	O
de	O
la	O
traversée	O
.	O
	
Il	O
lui	O
semblait	O
qu’	O
une	O
baie	O
était	O
là	O
,	O
quand	O
l’	O
eau	O
se	O
retire	O
et	O
que	O
les	O
algues	O
fument	O
au	O
soleil	O
;	O
	
les	O
roches	O
mises	O
à	O
nu	O
s’	O
essuient	O
,	O
le	O
gravier	O
exhale	O
une	O
haleine	O
forte	O
de	O
marée	O
.	O
	
Autour	O
de	O
lui	O
,	O
le	O
poisson	O
,	O
d’	O
une	O
grande	O
fraîcheur	O
,	O
avait	O
un	O
bon	O
parfum	O
,	O
ce	O
parfum	O
un	O
peu	O
âpre	O
et	O
irritant	O
qui	O
déprave	O
l’	O
appétit	O
.	O
	
Monsieur	B-PER
Verlaque	E-PER
toussa	O
.	O
	
L’	O
humidité	O
le	O
pénétrait	O
,	O
il	O
se	O
serrait	O
plus	O
étroitement	O
dans	O
son	O
cache-nez	O
.	O
	
–	O
	
Maintenant	O
,	O
dit	O
-il	O
,	O
nous	O
allons	O
passer	O
au	O
poisson	O
d’	O
eau	O
douce	O
.	O
	
Là	O
,	O
du	O
côté	O
du	O
pavillon	O
aux	O
fruits	O
,	O
et	O
le	O
dernier	O
vers	O
la	B-LOC
rue	I-LOC
Rambuteau	E-LOC
,	O
le	O
banc	O
de	O
la	O
criée	O
est	O
entouré	O
de	O
deux	O
viviers	O
circulaires	O
,	O
séparés	O
en	O
cases	O
distinctes	O
par	O
des	O
grilles	O
de	O
fonte	O
.	O
	
Des	O
robinets	O
de	O
cuivre	O
,	O
à	O
col	O
de	O
cygne	O
,	O
jettent	O
de	O
minces	O
filets	O
d’	O
eau	O
.	O
	
Dans	O
chaque	O
case	O
,	O
il	O
y	O
a	O
des	O
grouillements	O
confus	O
d’	O
écrevisses	O
,	O
des	O
nappes	O
mouvantes	O
de	O
dos	O
noirâtres	O
de	O
carpes	O
,	O
des	O
nœuds	O
vagues	O
d’	O
anguilles	O
,	O
sans	O
cesse	O
dénoués	O
et	O
renoués	O
.	O
	
Monsieur	B-PER
Verlaque	E-PER
fut	O
repris	O
d’	O
une	O
toux	O
opiniâtre	O
.	O
	
L’	O
humidité	O
était	O
plus	O
fade	O
,	O
une	O
odeur	O
molle	O
de	O
rivière	O
,	O
d’	O
eau	O
tiède	O
endormie	O
sur	O
le	O
sable	O
.	O
	
L’arrivage	O
des	O
écrevisses	O
d’	O
Allemagne	S-LOC
,	O
en	O
boîtes	O
et	O
en	O
paniers	O
,	O
était	O
très	O
fort	O
ce	O
matin-là	O
.	O
	
Les	O
poissons	O
blancs	O
de	O
Hollande	S-LOC
et	O
d’	O
Angleterre	S-LOC
encombraient	O
aussi	O
le	O
marché	O
.	O
	
On	O
déballait	O
les	O
carpes	O
du	O
Rhin	S-LOC
,	O
mordorées	O
,	O
si	O
belles	O
avec	O
leurs	O
roussissures	O
métalliques	O
,	O
et	O
dont	O
les	O
plaques	O
d’	O
écailles	O
ressemblent	O
à	O
des	O
émaux	O
cloisonnés	O
et	O
bronzés	O
;	O
	
les	O
grands	O
brochets	O
,	O
allongeant	O
leurs	O
becs	O
féroces	O
,	O
brigands	O
des	O
eaux	O
,	O
rudes	O
,	O
d’	O
un	O
gris	O
de	O
fer	O
;	O
	
les	O
tanches	O
,	O
sombres	O
et	O
magnifiques	O
,	O
pareilles	O
à	O
du	O
cuivre	O
rouge	O
taché	O
de	O
vert-de-gris	O
.	O
	
Au	O
milieu	O
de	O
ces	O
dorures	O
sévères	O
,	O
les	O
mannes	O
de	O
goujons	O
et	O
de	O
perches	O
,	O
les	O
lots	O
de	O
truites	O
,	O
les	O
tas	O
d’	O
ablettes	O
communes	O
,	O
de	O
poissons	O
plats	O
pêchés	O
à	O
l’	O
épervier	O
,	O
prenaient	O
des	O
blancheurs	O
vives	O
,	O
des	O
échines	O
bleuâtres	O
d’	O
acier	O
peu	O
à	O
peu	O
amollies	O
dans	O
la	O
douceur	O
transparente	O
des	O
ventres	O
;	O
et	O
de	O
gros	O
barbillons	O
,	O
d’	O
un	O
blanc	O
de	O
neige	O
,	O
étaient	O
la	O
note	O
aiguë	O
de	O
lumière	O
de	O
cette	O
colossale	O
nature	O
morte	O
.	O
	
Doucement	O
,	O
dans	O
les	O
viviers	O
,	O
on	O
versait	O
des	O
sacs	O
de	O
jeunes	O
carpes	O
;	O
	
les	O
carpes	O
tournaient	O
sur	O
elles-mêmes	O
,	O
restaient	O
un	O
instant	O
à	O
plat	O
,	O
puis	O
filaient	O
,	O
se	O
perdaient	O
.	O
	
Des	O
paniers	O
de	O
petites	O
anguilles	O
se	O
vidaient	O
d’	O
un	O
bloc	O
,	O
tombaient	O
au	O
fond	O
des	O
cases	O
comme	O
un	O
seul	O
nœud	O
de	O
serpents	O
;	O
	
tandis	O
que	O
les	O
grosses	O
,	O
celles	O
qui	O
avaient	O
l’	O
épaisseur	O
d’	O
un	O
bras	O
d’	O
enfant	O
,	O
levant	O
la	O
tête	O
,	O
se	O
glissaient	O
d’	O
elles-mêmes	O
sous	O
l’	O
eau	O
,	O
du	O
jet	O
souple	O
des	O
couleuvres	O
qui	O
se	O
cachent	O
dans	O
un	O
buisson	O
.	O
	
Et	O
couchés	O
sur	O
l’	O
osier	O
sali	O
des	O
mannes	O
,	O
des	O
poissons	O
dont	O
le	O
râle	O
durait	O
depuis	O
le	O
matin	O
achevaient	O
longuement	O
de	O
mourir	O
,	O
au	O
milieu	O
du	O
tapage	O
des	O
criées	O
;	O
	
ils	O
ouvraient	O
la	O
bouche	O
,	O
les	O
flancs	O
serrés	O
,	O
comme	O
pour	O
boire	O
l’	O
humidité	O
de	O
l’	O
air	O
,	O
et	O
ces	O
hoquets	O
silencieux	O
,	O
toutes	O
les	O
trois	O
secondes	O
,	O
bâillaient	O
démesurément	O
.	O
	
Cependant	O
monsieur	B-PER
Verlaque	E-PER
avait	O
ramené	O
Florent	S-PER
aux	O
bancs	O
de	O
la	O
marée	O
.	O
	
Il	O
le	O
promenait	O
,	O
lui	O
donnait	O
des	O
détails	O
très	O
compliqués	O
.	O
	
Aux	O
trois	O
côtés	O
intérieurs	O
du	O
pavillon	O
,	O
autour	O
des	O
neuf	O
bureaux	O
,	O
des	O
flots	O
de	O
foule	O
s’	O
étaient	O
massés	O
,	O
qui	O
faisaient	O
sur	O
chaque	O
bord	O
des	O
tas	O
de	O
têtes	O
moutonnantes	O
,	O
dominées	O
par	O
des	O
employés	O
,	O
assis	O
et	O
haut	O
perchés	O
,	O
écrivant	O
sur	O
des	O
registres	O
.	O
	
–	O
	
Mais	O
,	O
demanda	O
Florent	S-PER
,	O
est	O
-ce	O
que	O
ces	O
employés	O
appartiennent	O
tous	O
aux	O
facteurs	O
?	O
	
Alors	O
,	O
monsieur	B-PER
Verlaque	O
,	O
faisant	O
le	O
tour	O
par	O
le	O
trottoir	O
,	O
l’	O
amena	O
dans	O
l’	O
enceinte	O
d’	O
un	O
des	O
bancs	O
de	O
criée	O
.	O
	
Il	O
lui	O
expliqua	O
les	O
cases	O
et	O
le	O
personnel	O
du	O
grand	O
bureau	O
de	O
bois	O
jaune	O
,	O
puant	O
le	O
poisson	O
,	O
maculé	O
par	O
les	O
éclaboussures	O
des	O
mannes	O
.	O
	
Tout	O
en	O
haut	O
,	O
dans	O
la	O
cabine	O
vitrée	O
,	O
l’	O
agent	O
des	O
perceptions	O
municipales	O
prenait	O
les	O
chiffres	O
des	O
enchères	O
.	O
	
Plus	O
bas	O
,	O
sur	O
des	O
chaises	O
élevées	O
,	O
les	O
poignets	O
appuyés	O
à	O
d’	O
étroits	O
pupitres	O
,	O
étaient	O
assises	O
les	O
deux	O
femmes	O
qui	O
tenaient	O
les	O
tablettes	O
de	O
vente	O
pour	O
le	O
compte	O
du	O
facteur	O
.	O
	
Le	O
banc	O
est	O
double	O
;	O
de	O
chaque	O
côté	O
,	O
à	O
un	O
bout	O
de	O
la	O
table	O
de	O
pierre	O
qui	O
s’	O
allonge	O
devant	O
le	O
bureau	O
,	O
un	O
crieur	O
posait	O
les	O
mannes	O
,	O
mettait	O
à	O
prix	O
les	O
lots	O
et	O
les	O
grosses	O
pièces	O
;	O
	
tandis	O
que	O
la	O
tabletière	O
,	O
au-dessus	O
de	O
lui	O
,	O
la	O
plume	O
aux	O
doigts	O
,	O
attendait	O
l’	O
adjudication	O
.	O
	
Et	O
il	O
lui	O
montra	O
,	O
en	O
dehors	O
de	O
l’	O
enceinte	O
,	O
en	O
face	O
,	O
dans	O
une	O
autre	O
cabine	O
de	O
bois	O
jaune	O
,	O
la	O
caissière	O
,	O
une	O
vieille	O
et	O
énorme	O
femme	O
,	O
qui	O
rangeait	O
des	O
piles	O
de	O
sous	O
et	O
de	O
pièces	O
de	O
cinq	O
francs	O
.	O
	
–	O
	
Il	O
y	O
a	O
deux	O
contrôles	O
,	O
disait	O
-il	O
,	O
celui	O
de	O
la	O
préfecture	O
de	O
la	B-LOC
Seine	E-LOC
et	O
celui	O
de	O
la	O
préfecture	O
de	O
police	O
.	O
	
Cette	O
dernière	O
,	O
qui	O
nomme	O
les	O
facteurs	O
,	O
prétend	O
avoir	O
la	O
charge	O
de	O
les	O
surveiller	O
.	O
	
L’	O
administration	O
de	O
la	O
Ville	O
,	O
de	O
son	O
côté	O
,	O
entend	O
assister	O
à	O
des	O
transactions	O
qu’	O
elle	O
frappe	O
d’	O
une	O
taxe	O
.	O
	
Il	O
continua	O
de	O
sa	O
petite	O
voix	O
froide	O
,	O
racontant	O
tout	O
au	O
long	O
la	O
querelle	O
des	O
deux	O
préfectures	O
.	O
	
Florent	S-PER
ne	O
l’	O
écoutait	O
guère	O
.	O
	
Il	O
regardait	O
la	O
tabletière	O
qu’	O
il	O
avait	O
en	O
face	O
de	O
lui	O
,	O
sur	O
une	O
des	O
hautes	O
chaises	O
.	O
	
C’	O
était	O
une	O
grande	O
fille	O
brune	O
,	O
de	O
trente	O
ans	O
,	O
avec	O
de	O
gros	O
yeux	O
noirs	O
,	O
l’	O
air	O
très	O
posé	O
;	O
	
elle	O
écrivait	O
,	O
les	O
doigts	O
allongés	O
,	O
en	O
demoiselle	O
qui	O
a	O
reçu	O
de	O
l’	O
instruction	O
.	O
	
Mais	O
son	O
attention	O
fut	O
détournée	O
par	O
le	O
glapissement	O
du	O
crieur	O
,	O
qui	O
mettait	O
un	O
magnifique	O
turbot	O
aux	O
enchères	O
.	O
	
–	O
	
Il	O
y	O
a	O
marchand	O
à	O
trente	O
francs	O
!	O
…	O
à	O
trente	O
francs	O
!	O
	
à	O
trente	O
francs	O
!	O
	
Il	O
répétait	O
ce	O
chiffre	O
sur	O
tous	O
les	O
tons	O
,	O
montant	O
une	O
gamme	O
étrange	O
,	O
pleine	O
de	O
soubresauts	O
.	O
	
Il	O
était	O
bossu	O
,	O
la	O
face	O
de	O
travers	O
,	O
les	O
cheveux	O
ébouriffés	O
,	O
avec	O
un	O
grand	O
tablier	O
bleu	O
à	O
bavette	O
.	O
	
Et	O
le	O
bras	O
tendu	O
,	O
violemment	O
,	O
les	O
yeux	O
jetant	O
des	O
flammes	O
:	O
	
–	O
Trente-un	O
!	O
trente-deux	O
!	O
	
trente-trois	O
!	O
	
trente-trois	O
cinquante	O
!	O
…	O
trente-trois	O
cinquante	O
!	O
	
…	O
	
Il	O
reprit	O
haleine	O
,	O
tournant	O
la	O
manne	O
,	O
l’	O
avançant	O
sur	O
la	O
table	O
de	O
pierre	O
,	O
tandis	O
que	O
des	O
poissonnières	O
se	O
penchaient	O
,	O
touchaient	O
le	O
turbot	O
,	O
légèrement	O
,	O
du	O
bout	O
du	O
doigt	O
.	O
	
Puis	O
,	O
il	O
repartit	O
,	O
avec	O
une	O
furie	O
nouvelle	O
,	O
jetant	O
un	O
chiffre	O
de	O
la	O
main	O
à	O
chaque	O
enchérisseur	O
,	O
surprenant	O
les	O
moindres	O
signes	O
,	O
les	O
doigts	O
levés	O
,	O
les	O
haussements	O
de	O
sourcils	O
,	O
les	O
avancements	O
de	O
lèvres	O
,	O
les	O
clignements	O
d’yeux	O
;	O
et	O
cela	O
avec	O
une	O
telle	O
rapidité	O
,	O
un	O
tel	O
bredouillement	O
,	O
que	O
Florent	S-PER
,	O
qui	O
ne	O
pouvait	O
le	O
suivre	O
,	O
resta	O
déconcerté	O
quand	O
le	O
bossu	O
,	O
d’	O
une	O
voix	O
plus	O
chantante	O
,	O
psalmodia	O
d’	O
un	O
ton	O
de	O
chantre	O
qui	O
achève	O
un	O
verset	O
:	O
	
–	O
Quarante-deux	O
!	O
quarante-deux	O
!	O
…	O
à	O
quarante-deux	O
francs	O
le	O
turbot	O
!	O
	
C’	O
était	O
la	B-PER
belle	I-PER
Normande	E-PER
qui	O
avait	O
mis	O
la	O
dernière	O
enchère	O
.	O
	
Florent	S-PER
la	O
reconnut	O
,	O
sur	O
la	O
ligne	O
des	O
poissonnières	O
,	O
rangées	O
contre	O
les	O
tringles	O
de	O
fer	O
qui	O
fermaient	O
l’	O
enceinte	O
de	O
la	O
criée	O
.	O
	
La	O
matinée	O
était	O
fraîche	O
.	O
	
Il	O
y	O
avait	O
là	O
une	O
file	O
de	O
palatines	O
,	O
un	O
étalage	O
de	O
grands	O
tabliers	O
blancs	O
,	O
arrondissant	O
des	O
ventres	O
,	O
des	O
gorges	O
,	O
des	O
épaules	O
énormes	O
.	O
	
Le	O
chignon	O
haut	O
,	O
tout	O
garni	O
de	O
frisons	O
,	O
la	O
chair	O
blanche	O
et	O
délicate	O
,	O
la	B-PER
belle	I-PER
Normande	E-PER
montrait	O
son	O
nœud	O
de	O
dentelle	O
,	O
au	O
milieu	O
des	O
tignasses	O
crépues	O
,	O
coiffées	O
d’	O
un	O
foulard	O
,	O
des	O
nez	O
d’ivrognesses	O
,	O
des	O
bouches	O
insolemment	O
fendues	O
,	O
des	O
faces	O
égueulées	O
comme	O
des	O
pots	O
cassés	O
.	O
	
Elle	O
aussi	O
reconnut	O
le	O
cousin	O
de	O
madame	B-PER
Quenu	E-PER
,	O
surprise	O
de	O
le	O
voir	O
là	O
,	O
au	O
point	O
d’	O
en	O
chuchoter	O
avec	O
ses	O
voisines	O
.	O
	
Le	O
vacarme	O
des	O
voix	O
devenait	O
tel	O
,	O
que	O
monsieur	B-PER
Verlaque	E-PER
renonça	O
à	O
ses	O
explications	O
.	O
	
Sur	O
le	O
carreau	O
,	O
des	O
hommes	O
annonçaient	O
les	O
grands	O
poissons	O
,	O
avec	O
des	O
cris	O
prolongés	O
qui	O
semblaient	O
sortir	O
de	O
porte-voix	O
gigantesques	O
;	O
	
un	O
surtout	O
qui	O
hurlait	O
:	O
«	O
La	O
moule	O
!	O
	
la	O
moule	O
!	O
»	O
d’	O
une	O
clameur	O
rauque	O
et	O
brisée	O
,	O
dont	O
les	O
toitures	O
des	B-LOC
Halles	E-LOC
tremblaient	O
.	O
	
Les	O
sacs	O
de	O
moules	O
,	O
renversés	O
,	O
coulaient	O
dans	O
des	O
paniers	O
;	O
	
on	O
en	O
vidait	O
d’	O
autres	O
à	O
la	O
pelle	O
.	O
	
Les	O
mannes	O
défilaient	O
,	O
les	O
raies	O
,	O
les	O
soles	O
,	O
les	O
maquereaux	O
,	O
les	O
congres	O
,	O
les	O
saumons	O
,	O
apportés	O
et	O
remportés	O
par	O
les	O
compteurs-verseurs	O
,	O
au	O
milieu	O
des	O
bredouillements	O
qui	O
redoublaient	O
,	O
et	O
de	O
l’	O
écrasement	O
des	O
poissonnières	O
qui	O
faisaient	O
craquer	O
les	O
barres	O
de	O
fer	O
.	O
	
Le	O
crieur	O
,	O
le	O
bossu	O
,	O
allumé	O
,	O
battant	O
l’	O
air	O
de	O
ses	O
bras	O
maigres	O
,	O
tendait	O
les	O
mâchoires	O
en	O
avant	O
.	O
	
À	O
la	O
fin	O
,	O
il	O
monta	O
sur	O
un	O
escabeau	O
,	O
fouetté	O
par	O
les	O
chapelets	O
de	O
chiffres	O
qu’	O
il	O
lançait	O
à	O
toute	O
volée	O
,	O
la	O
bouche	O
tordue	O
,	O
les	O
cheveux	O
en	O
coup	O
de	O
vent	O
,	O
n’	O
arrachant	O
plus	O
à	O
son	O
gosier	O
séché	O
qu’	O
un	O
sifflement	O
inintelligible	O
.	O
	
En	O
haut	O
,	O
l’	O
employé	O
des	O
perceptions	O
municipales	O
,	O
un	O
petit	O
vieux	O
tout	O
emmitouflé	O
dans	O
un	O
collet	O
de	O
faux	O
astrakan	O
,	O
ne	O
montrait	O
que	O
son	O
nez	O
,	O
sous	O
sa	O
calotte	O
de	O
velours	O
noir	O
;	O
et	O
la	O
grande	O
tabletière	O
brune	O
,	O
sur	O
sa	O
haute	O
chaise	O
de	O
bois	O
,	O
écrivait	O
paisiblement	O
,	O
les	O
yeux	O
calmes	O
dans	O
sa	O
face	O
un	O
peu	O
rougie	O
par	O
le	O
froid	O
,	O
sans	O
seulement	O
battre	O
des	O
paupières	O
,	O
aux	O
bruits	O
de	O
crécelle	O
du	O
bossu	O
,	O
qui	O
montaient	O
le	O
long	O
de	O
ses	O
jupes	O
.	O
	
–	O
	
Ce	O
Logre	S-PER
est	O
superbe	O
,	O
murmura	O
monsieur	B-PER
Verlaque	E-PER
en	O
souriant	O
.	O
	
C’	O
est	O
le	O
meilleur	O
crieur	O
du	O
marché	O
…	O
	
Il	O
vendrait	O
des	O
semelles	O
de	O
bottes	O
pour	O
des	O
paires	O
de	O
soles	O
.	O
	
Il	O
revint	O
avec	O
Florent	S-PER
dans	O
le	O
pavillon	O
.	O
	
En	O
passant	O
de	O
nouveau	O
devant	O
la	O
criée	O
du	O
poisson	O
d’	O
eau	O
douce	O
,	O
où	O
les	O
enchères	O
étaient	O
plus	O
froides	O
,	O
il	O
lui	O
dit	O
que	O
cette	O
vente	O
baissait	O
,	O
que	O
la	O
pêche	O
fluviale	O
en	O
France	S-LOC
se	O
trouvait	O
fort	O
compromise	O
.	O
	
Un	O
crieur	O
,	O
de	O
mine	O
blonde	O
et	O
chafouine	O
,	O
sans	O
un	O
geste	O
,	O
adjugeait	O
d’	O
une	O
voix	O
monotone	O
des	O
lots	O
d’	O
anguilles	O
et	O
d’	O
écrevisses	O
;	O
	
tandis	O
que	O
,	O
le	O
long	O
des	O
viviers	O
,	O
les	O
compteurs-verseurs	O
allaient	O
,	O
pêchant	O
avec	O
des	O
filets	O
à	O
manches	O
courts	O
.	O
	
Cependant	O
,	O
la	O
cohue	O
augmentait	O
autour	O
des	O
bureaux	O
de	O
vente	O
.	O
	
Monsieur	B-PER
Verlaque	E-PER
remplissait	O
en	O
toute	O
conscience	O
son	O
rôle	O
d’	O
instructeur	O
,	O
s’ouvrant	O
un	O
passage	O
à	O
coups	O
de	O
coude	O
,	O
continuant	O
à	O
promener	O
son	O
successeur	O
au	O
plus	O
épais	O
des	O
enchères	O
.	O
	
Les	O
grandes	O
revendeuses	O
étaient	O
là	O
,	O
paisibles	O
,	O
attendant	O
les	O
belles	O
pièces	O
,	O
chargeant	O
sur	O
les	O
épaules	O
des	O
porteurs	O
les	O
thons	O
,	O
les	O
turbots	O
,	O
les	O
saumons	O
.	O
	
À	O
terre	O
,	O
les	O
marchandes	O
des	O
rues	O
se	O
partageaient	O
des	O
mannes	O
de	O
harengs	O
et	O
de	O
petites	O
limandes	O
,	O
achetées	O
en	O
commun	O
.	O
	
Il	O
y	O
avait	O
encore	O
des	O
bourgeois	O
,	O
quelques	O
rentiers	O
des	O
quartiers	O
lointains	O
,	O
venus	O
à	O
quatre	O
heures	O
du	O
matin	O
pour	O
faire	O
l’	O
emplette	O
d’	O
un	O
poisson	O
frais	O
,	O
et	O
qui	O
finissaient	O
par	O
se	O
laisser	O
adjuger	O
tout	O
un	O
lot	O
énorme	O
,	O
quarante	O
à	O
cinquante	O
francs	O
de	O
marée	O
,	O
qu’	O
ils	O
mettaient	O
ensuite	O
la	O
journée	O
entière	O
à	O
céder	O
aux	O
personnes	O
de	O
leurs	O
connaissances	O
.	O
	
Des	O
poussées	O
enfonçaient	O
brusquement	O
des	O
coins	O
de	O
foule	O
.	O
	
Une	O
poissonnière	O
trop	O
serrée	O
se	O
dégagea	O
,	O
les	O
poings	O
levés	O
,	O
le	O
cou	O
gonflé	O
d’	O
ordures	O
.	O
	
Puis	O
,	O
des	O
murs	O
compacts	O
se	O
formaient	O
.	O
	
Alors	O
,	O
Florent	S-PER
,	O
qui	O
étouffait	O
,	O
déclara	O
qu’	O
il	O
avait	O
assez	O
vu	O
,	O
qu’	O
il	O
avait	O
compris	O
.	O
	
Comme	O
monsieur	B-PER
Verlaque	E-PER
l’	O
aidait	O
à	O
se	O
dégager	O
,	O
ils	O
se	O
trouvèrent	O
face	O
à	O
face	O
avec	O
la	B-PER
belle	I-PER
Normande	E-PER
.	O
	
Elle	O
resta	O
plantée	O
devant	O
eux	O
;	O
et	O
,	O
de	O
son	O
air	O
de	O
reine	O
:	O
	
–	O
	
Est	O
-ce	O
que	O
c’	O
est	O
bien	O
décidé	O
,	O
monsieur	B-PER
Verlaque	E-PER
,	O
vous	O
nous	O
quittez	O
?	O
	
–	O
Oui	O
,	O
oui	O
,	O
répondit	O
le	O
petit	O
homme	O
.	O
	
Je	O
vais	O
me	O
reposer	O
à	O
la	O
campagne	O
,	O
à	O
Clamart	S-LOC
.	O
	
Il	O
paraît	O
que	O
l’	O
odeur	O
du	O
poisson	O
me	O
fait	O
mal…	O
Tenez	O
,	O
voici	O
monsieur	O
qui	O
me	O
remplace	O
.	O
	
Il	O
s’	O
était	O
tourné	O
,	O
en	O
montrant	O
Florent	S-PER
.	O
	
La	B-PER
belle	I-PER
Normande	E-PER
fut	O
suffoquée	O
.	O
	
Et	O
comme	O
Florent	S-PER
s’	O
éloignait	O
,	O
il	O
crut	O
l’	O
entendre	O
murmurer	O
à	O
l’	O
oreille	O
de	O
ses	O
voisines	O
,	O
avec	O
des	O
rires	O
étouffés	O
:	O
«	O
Ah	O
bien	O
!	O
	
nous	O
allons	O
nous	O
amuser	O
,	O
alors	O
!	O
	
»	O
	
Les	O
poissonnières	O
faisaient	O
leur	O
étalage	O
.	O
	
Sur	O
tous	O
les	O
bancs	O
de	O
marbre	O
,	O
les	O
robinets	O
des	O
angles	O
coulaient	O
à	O
la	O
fois	O
,	O
à	O
grande	O
eau	O
.	O
	
C’	O
était	O
un	O
bruit	O
d’	O
averse	O
,	O
un	O
ruissellement	O
de	O
jets	O
roides	O
qui	O
sonnaient	O
et	O
rejaillissaient	O
;	O
et	O
du	O
bord	O
des	O
bancs	O
inclinés	O
,	O
de	O
grosses	O
gouttes	O
filaient	O
,	O
tombant	O
avec	O
un	O
murmure	O
adouci	O
de	O
source	O
,	O
s’	O
éclaboussant	O
dans	O
les	O
allées	O
,	O
où	O
de	O
petits	O
ruisseaux	O
couraient	O
,	O
emplissaient	O
d’	O
un	O
lac	O
certains	O
trous	O
,	O
puis	O
repartaient	O
en	O
mille	O
branches	O
,	O
descendaient	O
la	O
pente	O
,	O
vers	O
la	B-LOC
rue	I-LOC
Rambuteau	E-LOC
.	O
	
Une	O
buée	O
d’	O
humidité	O
montait	O
,	O
une	O
poussière	O
de	O
pluie	O
,	O
qui	O
soufflait	O
au	O
visage	O
de	O
Florent	S-PER
cette	O
haleine	O
fraîche	O
,	O
ce	O
vent	O
de	O
mer	O
qu’	O
il	O
reconnaissait	O
,	O
amer	O
et	O
salé	O
;	O
	
tandis	O
qu’	O
il	O
retrouvait	O
,	O
dans	O
les	O
premiers	O
poissons	O
étalés	O
,	O
les	O
nacres	O
roses	O
,	O
les	O
coraux	O
saignants	O
,	O
les	O
perles	O
laiteuses	O
,	O
toutes	O
les	O
moires	O
et	O
toutes	O
les	O
pâleurs	O
glauques	O
de	O
l’	O
océan	O
.	O
	
Cette	O
première	O
matinée	O
le	O
laissa	O
très	O
hésitant	O
.	O
	
Il	O
regrettait	O
d’	O
avoir	O
cédé	O
à	O
Lisa	S-PER
.	O
	
Dès	O
le	O
lendemain	O
,	O
échappé	O
à	O
la	O
somnolence	O
grasse	O
de	O
la	O
cuisine	O
,	O
il	O
s’	O
était	O
accusé	O
de	O
lâcheté	O
avec	O
une	O
violence	O
qui	O
avait	O
presque	O
mis	O
des	O
larmes	O
dans	O
ses	O
yeux	O
.	O
	
Mais	O
il	O
n’	O
osa	O
revenir	O
sur	O
sa	O
parole	O
,	O
Lisa	S-PER
l’	O
effrayait	O
un	O
peu	O
;	O
	
il	O
voyait	O
le	O
pli	O
de	O
ses	O
lèvres	O
,	O
le	O
reproche	O
muet	O
de	O
son	O
beau	O
visage	O
.	O
	
Il	O
la	O
traitait	O
en	O
femme	O
trop	O
sérieuse	O
et	O
trop	O
satisfaite	O
pour	O
être	O
contrariée	O
.	O
	
Gavard	S-PER
,	O
heureusement	O
,	O
lui	O
inspira	O
une	O
idée	O
qui	O
le	O
consola	O
.	O
	
Il	O
le	O
prit	O
à	O
part	O
,	O
le	O
soir	O
même	O
du	O
jour	O
où	O
monsieur	B-PER
Verlaque	E-PER
l’	O
avait	O
promené	O
au	O
milieu	O
des	O
criées	O
,	O
lui	O
expliquant	O
,	O
avec	O
beaucoup	O
de	O
réticences	O
,	O
que	O
«	O
ce	O
pauvre	O
diable	O
»	O
n’	O
était	O
pas	O
heureux	O
.	O
	
Puis	O
,	O
après	O
d’	O
autres	O
considérations	O
sur	O
ce	O
gredin	O
de	O
gouvernement	O
qui	O
tuait	O
ses	O
employés	O
à	O
la	O
peine	O
,	O
sans	O
leur	O
assurer	O
seulement	O
de	O
quoi	O
mourir	O
,	O
il	O
se	O
décida	O
à	O
faire	O
entendre	O
qu’	O
il	O
serait	O
charitable	O
d’	O
abandonner	O
une	O
partie	O
des	O
appointements	O
à	O
l’	O
ancien	O
inspecteur	O
.	O
	
Florent	B-PER
accueillit	O
cette	O
idée	O
avec	O
joie	O
.	O
	
C’	O
était	O
trop	O
juste	O
,	O
il	O
se	O
considérait	O
comme	O
le	O
remplaçant	O
intérimaire	O
de	O
monsieur	B-PER
Verlaque	E-PER
;	O
d’	O
ailleurs	O
,	O
lui	O
,	O
n’	O
avait	O
besoin	O
de	O
rien	O
,	O
puisqu’	O
il	O
couchait	O
et	O
qu’	O
il	O
mangeait	O
chez	O
son	O
frère	O
.	O
	
Gavard	S-PER
ajouta	O
que	O
,	O
sur	O
les	O
cent	O
cinquante	O
francs	O
mensuels	O
,	O
un	O
abandon	O
de	O
cinquante	O
francs	O
lui	O
paraissait	O
très	O
joli	O
,	O
et	O
,	O
en	O
baissant	O
la	O
voix	O
,	O
il	O
fit	O
remarquer	O
que	O
ça	O
ne	O
durerait	O
pas	O
longtemps	O
,	O
car	O
le	O
malheureux	O
était	O
vraiment	O
poitrinaire	O
jusqu’	O
aux	O
os	O
.	O
	
Il	O
fut	O
convenu	O
que	O
Florent	S-PER
verrait	O
la	O
femme	O
,	O
s’	O
entendrait	O
avec	O
elle	O
,	O
pour	O
ne	O
pas	O
blesser	O
le	O
mari	O
.	O
	
Cette	O
bonne	O
action	O
le	O
soulageait	O
,	O
il	O
acceptait	O
maintenant	O
l’	O
emploi	O
avec	O
une	O
pensée	O
de	O
dévouement	O
,	O
il	O
restait	O
dans	O
le	O
rôle	O
de	O
toute	O
sa	O
vie	O
.	O
	
Seulement	O
,	O
il	O
fit	O
jurer	O
au	O
marchand	O
de	O
volailles	O
de	O
ne	O
parler	O
à	O
personne	O
de	O
cet	O
arrangement	O
.	O
	
Comme	O
celui-ci	O
avait	O
aussi	O
une	O
vague	O
terreur	O
de	O
Lisa	S-PER
,	O
il	O
garda	O
le	O
secret	O
,	O
chose	O
très	O
méritoire	O
.	O
	
Alors	O
,	O
toute	O
la	O
charcuterie	O
fut	O
heureuse	O
.	O
	
La	O
belle	O
Lisa	S-PER
se	O
montrait	O
très	O
amicale	O
pour	O
son	O
beau-frère	O
;	O
	
elle	O
l’	O
envoyait	O
se	O
coucher	O
de	O
bonne	O
heure	O
,	O
afin	O
qu’	O
il	O
pût	O
se	O
lever	O
matin	O
;	O
	
elle	O
lui	O
tenait	O
son	O
déjeuner	O
bien	O
chaud	O
;	O
	
elle	O
n’	O
avait	O
plus	O
honte	O
de	O
causer	O
avec	O
lui	O
sur	O
le	O
trottoir	O
,	O
maintenant	O
qu’	O
il	O
portait	O
une	O
casquette	O
galonnée	O
.	O
	
Quenu	S-PER
,	O
ravi	O
de	O
ces	O
bonnes	O
dispositions	O
,	O
ne	O
s’	O
était	O
jamais	O
si	O
carrément	O
attablé	O
,	O
le	O
soir	O
,	O
entre	O
son	O
frère	O
et	O
sa	O
femme	O
.	O
	
Le	O
dîner	O
se	O
prolongeait	O
souvent	O
jusqu’	O
à	O
neuf	O
heures	O
,	O
pendant	O
qu’	O
Augustine	S-PER
restait	O
au	O
comptoir	O
.	O
	
C’	O
était	O
une	O
longue	O
digestion	O
,	O
coupée	O
des	O
histoires	O
de	O
quartier	O
,	O
des	O
jugements	O
positifs	O
portés	O
par	O
la	O
charcutière	O
sur	O
la	O
politique	O
.	O
	
Florent	S-PER
devait	O
dire	O
comment	O
avait	O
marché	O
la	O
vente	O
de	O
la	O
marée	O
.	O
	
Il	O
s’	O
abandonnait	O
peu	O
à	O
peu	O
,	O
arrivait	O
à	O
goûter	O
la	O
béatitude	O
de	O
cette	O
vie	O
réglée	O
.	O
	
La	O
salle	O
à	O
manger	O
jaune	O
clair	O
avait	O
une	O
netteté	O
et	O
une	O
tiédeur	O
bourgeoises	O
qui	O
l’	O
amollissaient	O
dès	O
le	O
seuil	O
.	O
	
Les	O
bons	O
soins	O
de	O
la	O
belle	O
Lisa	S-PER
mettaient	O
autour	O
de	O
lui	O
un	O
duvet	O
chaud	O
,	O
où	O
tous	O
ses	O
membres	O
enfonçaient	O
.	O
	
Ce	O
fut	O
une	O
heure	O
d’	O
estime	O
et	O
de	O
bonne	O
entente	O
absolues	O
.	O
	
Mais	O
Gavard	S-PER
jugeait	O
l’	O
intérieur	O
des	B-PER
Quenu-Gradelle	E-PER
trop	O
endormi	O
.	O
	
Il	O
pardonnait	O
à	O
Lisa	S-PER
ses	O
tendresses	O
pour	O
l’	O
empereur	O
,	O
parce	O
que	O
,	O
disait	O
-il	O
,	O
il	O
ne	O
faut	O
jamais	O
causer	O
politique	O
avec	O
les	O
femmes	O
,	O
et	O
que	O
la	O
belle	O
charcutière	O
était	O
,	O
après	O
tout	O
,	O
une	O
femme	O
très	O
honnête	O
qui	O
faisait	O
aller	O
joliment	O
son	O
commerce	O
.	O
	
Seulement	O
,	O
par	O
goût	O
,	O
il	O
préférait	O
passer	O
ses	O
soirées	O
chez	O
monsieur	B-PER
Lebigre	E-PER
,	O
où	O
il	O
retrouvait	O
tout	O
un	O
petit	O
groupe	O
d’	O
amis	O
qui	O
avaient	O
ses	O
opinions	O
.	O
	
Quand	O
Florent	S-PER
fut	O
nommé	O
inspecteur	O
de	O
la	O
marée	O
,	O
il	O
le	O
débaucha	O
,	O
il	O
l’	O
emmena	O
pendant	O
des	O
heures	O
,	O
le	O
poussant	O
à	O
vivre	O
en	O
garçon	O
,	O
maintenant	O
qu’	O
il	O
avait	O
une	O
place	O
.	O
	
Monsieur	B-PER
Lebigre	E-PER
tenait	O
un	O
fort	O
bel	O
établissement	O
,	O
d’	O
un	O
luxe	O
tout	O
moderne	O
.	O
	
Placé	O
à	O
l’	O
encoignure	O
droite	O
de	O
la	B-LOC
rue	I-LOC
Pirouette	E-LOC
,	O
sur	O
la	B-LOC
rue	I-LOC
Rambuteau	E-LOC
,	O
flanqué	O
de	O
quatre	O
petits	O
pins	O
de	O
Norvège	S-LOC
dans	O
des	O
caisses	O
peintes	O
en	O
vert	O
,	O
il	O
faisait	O
un	O
digne	O
pendant	O
à	O
la	O
grande	O
charcuterie	O
des	B-PER
Quenu-Gradelle	E-PER
.	O
	
Les	O
glaces	O
claires	O
laissaient	O
voir	O
la	O
salle	O
,	O
ornée	O
de	O
guirlandes	O
de	O
feuillages	O
,	O
de	O
pampres	O
et	O
de	O
grappes	O
,	O
sur	O
un	O
fond	O
vert	O
tendre	O
.	O
	
Le	O
dallage	O
était	O
blanc	O
et	O
noir	O
,	O
à	O
grands	O
carreaux	O
.	O
	
Au	O
fond	O
,	O
le	O
trou	O
béant	O
de	O
la	O
cave	O
s’ouvrait	O
sous	O
l’	O
escalier	O
tournant	O
,	O
à	O
draperie	O
rouge	O
,	O
qui	O
menait	O
au	O
billard	O
du	O
premier	O
étage	O
.	O
	
Mais	O
le	O
comptoir	O
surtout	O
,	O
à	O
droite	O
,	O
était	O
très	O
riche	O
,	O
avec	O
son	O
large	O
reflet	O
d’	O
argent	O
poli	O
.	O
	
Le	O
zinc	O
retombant	O
sur	O
le	O
soubassement	O
de	O
marbre	O
blanc	O
et	O
rouge	O
,	O
en	O
une	O
haute	O
bordure	O
gondolée	O
,	O
l’	O
entourait	O
d’	O
une	O
moire	O
,	O
d’	O
une	O
nappe	O
de	O
métal	O
,	O
comme	O
un	O
maître-autel	O
chargé	O
de	O
ses	O
broderies	O
.	O
	
À	O
l’	O
un	O
des	O
bouts	O
,	O
les	O
théières	O
de	O
porcelaine	O
pour	O
le	O
vin	O
chaud	O
et	O
le	O
punch	O
,	O
cerclées	O
de	O
cuivre	O
,	O
dormaient	O
sur	O
le	O
fourneau	O
à	O
gaz	O
;	O
à	O
l’	O
autre	O
bout	O
,	O
une	O
fontaine	O
de	O
marbre	O
,	O
très	O
élevée	O
,	O
très	O
sculptée	O
,	O
laissait	O
tomber	O
perpétuellement	O
dans	O
une	O
cuvette	O
un	O
fil	O
d’	O
eau	O
si	O
continu	O
qu’	O
il	O
semblait	O
immobile	O
;	O
et	O
,	O
au	O
milieu	O
,	O
au	O
centre	O
des	O
trois	O
pentes	O
du	O
zinc	O
,	O
se	O
creusait	O
un	O
bassin	O
à	O
rafraîchir	O
et	O
à	O
rincer	O
,	O
où	O
des	O
litres	O
entamés	O
alignaient	O
leurs	O
cols	O
verdâtres	O
.	O
	
Puis	O
,	O
l’	O
armée	O
des	O
verres	O
,	O
rangée	O
par	O
bandes	O
,	O
occupait	O
les	O
deux	O
côtés	O
:	O
les	O
petits	O
verres	O
pour	O
l’eau-de-vie	O
,	O
les	O
gobelets	O
épais	O
pour	O
les	O
canons	O
,	O
les	O
coupes	O
pour	O
les	O
fruits	O
,	O
les	O
verres	O
à	O
absinthe	O
,	O
les	O
chopes	O
,	O
les	O
grands	O
verres	O
à	O
pied	O
,	O
tous	O
renversés	O
,	O
le	O
cul	O
en	O
l’	O
air	O
,	O
reflétant	O
dans	O
leur	O
pâleur	O
les	O
luisants	O
du	O
comptoir	O
.	O
	
Il	O
y	O
avait	O
encore	O
,	O
à	O
gauche	O
,	O
une	O
urne	O
de	O
melchior	O
montée	O
sur	O
un	O
pied	O
qui	O
servait	O
de	O
tronc	O
;	O
	
tandis	O
que	O
,	O
à	O
droite	O
,	O
une	O
urne	O
semblable	O
se	O
hérissait	O
d’	O
un	O
éventail	O
de	O
petites	O
cuillers	O
.	O
	
D’ordinaire	O
,	O
monsieur	B-PER
Lebigre	E-PER
trônait	O
derrière	O
le	O
comptoir	O
,	O
assis	O
sur	O
une	O
banquette	O
de	O
cuir	O
rouge	O
capitonné	O
.	O
	
Il	O
avait	O
sous	O
la	O
main	O
les	O
liqueurs	O
,	O
des	O
flacons	O
de	O
cristal	O
taillé	O
,	O
à	O
moitié	O
enfoncés	O
dans	O
les	O
trous	O
d’	O
une	O
console	O
;	O
	
et	O
il	O
appuyait	O
son	O
dos	O
rond	O
à	O
une	O
immense	O
glace	O
tenant	O
tout	O
le	O
panneau	O
,	O
traversée	O
par	O
deux	O
étagères	O
,	O
deux	O
lames	O
de	O
verre	O
qui	O
supportaient	O
des	O
bocaux	O
et	O
des	O
bouteilles	O
.	O
	
Sur	O
l’	O
une	O
,	O
les	O
bocaux	O
de	O
fruits	O
,	O
les	O
cerises	O
,	O
les	O
prunes	O
,	O
les	O
pêches	O
,	O
mettaient	O
leurs	O
taches	O
assombries	O
;	O
sur	O
l’	O
autre	O
,	O
entre	O
des	O
paquets	O
de	O
biscuits	O
symétriques	O
,	O
des	O
fioles	O
claires	O
,	O
vert	O
tendre	O
,	O
rouge	O
tendre	O
,	O
jaune	O
tendre	O
,	O
faisaient	O
rêver	O
à	O
des	O
liqueurs	O
inconnues	O
,	O
à	O
des	O
extraits	O
de	O
fleurs	O
d’	O
une	O
limpidité	O
exquise	O
.	O
	
Il	O
semblait	O
que	O
ces	O
fioles	O
fussent	O
suspendues	O
en	O
l’	O
air	O
,	O
éclatantes	O
et	O
comme	O
allumées	O
,	O
dans	O
la	O
grande	O
lueur	O
blanche	O
de	O
la	O
glace	O
.	O
	
Pour	O
donner	O
à	O
son	O
établissement	O
un	O
air	O
de	O
café	O
,	O
monsieur	B-PER
Lebigre	E-PER
avait	O
placé	O
,	O
en	O
face	O
du	O
comptoir	O
,	O
contre	O
le	O
mur	O
,	O
deux	O
petites	O
tables	O
de	O
fonte	O
vernie	O
,	O
avec	O
quatre	O
chaises	O
.	O
	
Un	O
lustre	O
à	O
cinq	O
becs	O
et	O
à	O
globes	O
dépolis	O
pendait	O
du	O
plafond	O
.	O
	
L’	O
œil-de-bœuf	O
,	O
une	O
horloge	O
toute	O
dorée	O
,	O
était	O
à	O
gauche	O
,	O
au-dessus	O
d’	O
un	O
tourniquet	O
scellé	O
dans	O
la	O
muraille	O
.	O
	
Puis	O
,	O
au	O
fond	O
,	O
il	O
y	O
avait	O
le	O
cabinet	O
particulier	O
,	O
un	O
coin	O
de	O
la	O
boutique	O
que	O
séparait	O
une	O
cloison	O
,	O
aux	O
vitres	O
blanchies	O
par	O
un	O
dessin	O
à	O
petits	O
carreaux	O
;	O
	
pendant	O
le	O
jour	O
,	O
une	O
fenêtre	O
qui	O
s’	O
ouvrait	O
sur	O
la	B-LOC
rue	I-LOC
Pirouette	E-LOC
l’	O
éclairait	O
d’	O
une	O
clarté	O
louche	O
;	O
	
le	O
soir	O
,	O
un	O
bec	O
de	O
gaz	O
y	O
brûlait	O
,	O
au-dessus	O
de	O
deux	O
tables	O
peintes	O
en	O
faux	O
marbre	O
.	O
	
C’	O
était	O
là	O
que	O
Gavard	S-PER
et	O
ses	O
amis	O
politiques	O
se	O
réunissaient	O
après	O
leur	O
dîner	O
,	O
chaque	O
soir	O
.	O
	
Ils	O
s’	O
y	O
regardaient	O
comme	O
chez	O
eux	O
,	O
ils	O
avaient	O
habitué	O
le	O
patron	O
à	O
leur	O
réserver	O
la	O
place	O
.	O
	
Quand	O
le	O
dernier	O
venu	O
avait	O
tiré	O
la	O
porte	O
de	O
la	O
cloison	O
vitrée	O
,	O
ils	O
se	O
savaient	O
si	O
bien	O
gardés	O
,	O
qu’	O
ils	O
parlaient	O
très	O
carrément	O
«	O
du	O
grand	O
coup	O
de	O
balai	O
»	O
.	O
	
Pas	O
un	O
consommateur	O
n’	O
aurait	O
osé	O
entrer	O
.	O
	
Le	O
premier	O
jour	O
,	O
Gavard	S-PER
donna	O
à	O
Florent	S-PER
quelques	O
détails	O
sur	O
monsieur	B-PER
Lebigre	E-PER
.	O
	
C’	O
était	O
un	O
brave	O
homme	O
qui	O
venait	O
parfois	O
prendre	O
son	O
café	O
avec	O
eux	O
.	O
	
On	O
ne	O
se	O
gênait	O
pas	O
devant	O
lui	O
,	O
parce	O
qu’	O
il	O
avait	O
dit	O
un	O
jour	O
qu’	O
il	O
s’	O
était	O
battu	O
en	O
48	O
.	O
	
Il	O
causait	O
peu	O
,	O
paraissait	O
bêta	O
.	O
	
En	O
passant	O
,	O
avant	O
d’	O
entrer	O
dans	O
le	O
cabinet	O
,	O
chacun	O
de	O
ces	O
messieurs	O
lui	O
donnait	O
une	O
poignée	O
de	O
main	O
silencieuse	O
,	O
par-dessus	O
les	O
verres	O
et	O
les	O
bouteilles	O
.	O
	
Le	O
plus	O
souvent	O
,	O
il	O
avait	O
à	O
côté	O
de	O
lui	O
,	O
sur	O
la	O
banquette	O
de	O
cuir	O
rouge	O
,	O
une	O
petite	O
femme	O
blonde	O
,	O
une	O
fille	O
qu’	O
il	O
avait	O
prise	O
pour	O
le	O
service	O
du	O
comptoir	O
,	O
outre	O
le	O
garçon	O
à	O
tablier	O
blanc	O
qui	O
s’	O
occupait	O
des	O
tables	O
et	O
du	O
billard	O
.	O
	
Elle	O
se	O
nommait	O
Rose	S-PER
,	O
était	O
très	O
douce	O
,	O
très	O
soumise	O
.	O
	
Gavard	S-PER
,	O
clignant	O
de	O
l’	O
œil	O
,	O
raconta	O
à	O
Florent	S-PER
qu’	O
elle	O
poussait	O
la	O
soumission	O
fort	O
loin	O
avec	O
le	O
patron	O
.	O
	
D’	O
ailleurs	O
,	O
ces	O
messieurs	O
se	O
faisaient	O
servir	O
par	O
Rose	S-PER
,	O
qui	O
entrait	O
et	O
qui	O
sortait	O
,	O
de	O
son	O
air	O
humble	O
et	O
heureux	O
,	O
au	O
milieu	O
des	O
plus	O
orageuses	O
discussions	O
politiques	O
.	O
	
Le	O
jour	O
où	O
le	O
marchand	O
de	O
volailles	O
présenta	O
Florent	S-PER
à	O
ses	O
amis	O
,	O
ils	O
ne	O
trouvèrent	O
,	O
en	O
entrant	O
dans	O
le	O
cabinet	O
vitré	O
,	O
qu’	O
un	O
monsieur	O
d’	O
une	O
cinquantaine	O
d’	O
années	O
,	O
à	O
l’	O
air	O
pensif	O
et	O
doux	O
,	O
avec	O
un	O
chapeau	O
douteux	O
et	O
un	O
grand	O
pardessus	O
marron	O
.	O
	
Le	O
menton	O
appuyé	O
sur	O
la	O
pomme	O
d’ivoire	O
d’	O
un	O
gros	O
jonc	O
,	O
en	O
face	O
d’	O
une	O
chope	O
pleine	O
,	O
il	O
avait	O
la	O
bouche	O
tellement	O
perdue	O
au	O
fond	O
d’	O
une	O
forte	O
barbe	O
,	O
que	O
sa	O
face	O
semblait	O
muette	O
et	O
sans	O
lèvres	O
.	O
	
–	O
Comment	O
va	O
,	O
Robine	S-PER
?	O
demanda	O
Gavard	S-PER
.	O
	
Robine	S-PER
allongea	O
silencieusement	O
une	O
poignée	O
de	O
main	O
,	O
sans	O
répondre	O
,	O
les	O
yeux	O
adoucis	O
encore	O
par	O
un	O
vague	O
sourire	O
de	O
salut	O
;	O
	
puis	O
,	O
il	O
remit	O
le	O
menton	O
sur	O
la	O
pomme	O
de	O
sa	O
canne	O
,	O
et	O
regarda	O
Florent	S-PER
par-dessus	O
sa	O
chope	O
.	O
	
Celui-ci	O
avait	O
fait	O
jurer	O
à	O
Gavard	S-PER
de	O
ne	O
pas	O
conter	O
son	O
histoire	O
,	O
pour	O
éviter	O
les	O
indiscrétions	O
dangereuses	O
;	O
	
il	O
ne	O
lui	O
déplut	O
pas	O
de	O
voir	O
quelque	O
méfiance	O
dans	O
l’	O
attitude	O
prudente	O
de	O
ce	O
monsieur	O
à	O
forte	O
barbe	O
.	O
	
Mais	O
il	O
se	O
trompait	O
.	O
	
Jamais	O
Robine	S-PER
ne	O
parlait	O
davantage	O
.	O
	
Il	O
arrivait	O
toujours	O
le	O
premier	O
,	O
au	O
coup	O
de	O
huit	O
heures	O
,	O
s’	O
asseyait	O
dans	O
le	O
même	O
coin	O
,	O
sans	O
lâcher	O
sa	O
canne	O
,	O
sans	O
ôter	O
ni	O
son	O
chapeau	O
,	O
ni	O
son	O
pardessus	O
;	O
	
personne	O
n’	O
avait	O
vu	O
Robine	S-PER
sans	O
chapeau	O
sur	O
la	O
tête	O
.	O
	
Il	O
restait	O
là	O
,	O
à	O
écouter	O
les	O
autres	O
,	O
jusqu’	O
à	O
minuit	O
,	O
mettant	O
quatre	O
heures	O
à	O
vider	O
sa	O
chope	O
,	O
regardant	O
successivement	O
ceux	O
qui	O
parlaient	O
,	O
comme	O
s’	O
il	O
eût	O
entendu	O
avec	O
les	O
yeux	O
.	O
	
Quand	O
Florent	S-PER
,	O
plus	O
tard	O
,	O
questionna	O
Gavard	S-PER
sur	O
Robine	S-PER
,	O
celui-ci	O
parut	O
en	O
faire	O
un	O
grand	O
cas	O
;	O
	
c’	O
était	O
un	O
homme	O
très	O
fort	O
;	O
	
sans	O
pouvoir	O
dire	O
nettement	O
où	O
il	O
avait	O
fait	O
ses	O
preuves	O
,	O
il	O
le	O
donna	O
comme	O
un	O
des	O
hommes	O
d’	O
opposition	O
les	O
plus	O
redoutés	O
du	O
gouvernement	O
.	O
	
Il	O
habitait	O
,	O
rue	B-LOC
Saint-Denis	E-LOC
,	O
un	O
logement	O
où	O
personne	O
ne	O
pénétrait	O
.	O
	
Le	O
marchand	O
de	O
volailles	O
racontait	O
pourtant	O
y	O
être	O
allé	O
une	O
fois	O
.	O
	
Les	O
parquets	O
cirés	O
étaient	O
garantis	O
par	O
des	O
chemins	O
de	O
toile	O
verte	O
;	O
	
il	O
y	O
avait	O
des	O
housses	O
et	O
une	O
pendule	O
d’	O
albâtre	O
à	O
colonnes	O
.	O
	
Madame	B-PER
Robine	E-PER
,	O
qu’	O
il	O
croyait	O
avoir	O
vue	O
de	O
dos	O
,	O
entre	O
deux	O
portes	O
,	O
devait	O
être	O
une	O
vieille	O
dame	O
très	O
comme	O
il	O
faut	O
,	O
coiffée	O
avec	O
des	O
anglaises	O
,	O
sans	O
qu’	O
il	O
pût	O
pourtant	O
l’	O
affirmer	O
.	O
	
On	O
ignorait	O
pourquoi	O
le	O
ménage	O
était	O
venu	O
se	O
loger	O
dans	O
le	O
tapage	O
d’	O
un	O
quartier	O
commerçant	O
;	O
	
le	O
mari	O
ne	O
faisait	O
absolument	O
rien	O
,	O
passait	O
ses	O
journées	O
on	O
ne	O
savait	O
où	O
,	O
vivait	O
d’	O
on	O
ne	O
savait	O
quoi	O
,	O
et	O
apparaissait	O
chaque	O
soir	O
,	O
comme	O
las	O
et	O
ravi	O
d’	O
un	O
voyage	O
sur	O
les	O
sommets	O
de	O
la	O
haute	O
politique	O
.	O
	
–	O
	
Eh	O
bien	O
,	O
et	O
ce	O
discours	O
du	O
trône	O
,	O
vous	O
l’	O
avez	O
lu	O
?	O
	
demanda	O
Gavard	S-PER
,	O
en	O
prenant	O
un	O
journal	O
sur	O
la	O
table	O
.	O
	
Robine	S-PER
haussa	O
les	O
épaules	O
.	O
	
Mais	O
la	O
porte	O
de	O
la	O
cloison	O
vitrée	O
claqua	O
violemment	O
,	O
un	O
bossu	O
parut	O
.	O
	
Florent	S-PER
reconnut	O
le	O
bossu	O
de	O
la	O
criée	O
,	O
les	O
mains	O
lavées	O
,	O
proprement	O
mis	O
,	O
avec	O
un	O
grand	O
cache-nez	O
rouge	O
,	O
dont	O
un	O
bout	O
pendait	O
sur	O
sa	O
bosse	O
,	O
comme	O
le	O
pan	O
d’	O
un	O
manteau	O
vénitien	O
.	O
	
–	O
Ah	O
!	O
voici	O
Logre	S-PER
,	O
reprit	O
le	O
marchand	O
de	O
volailles	O
.	O
	
Il	O
va	O
nous	O
dire	O
ce	O
qu’	O
il	O
pense	O
du	O
discours	O
du	O
trône	O
,	O
lui	O
.	O
	
Mais	O
Logre	S-PER
était	O
furieux	O
.	O
	
Il	O
faillit	O
arracher	O
la	O
patère	O
en	O
accrochant	O
son	O
chapeau	O
et	O
son	O
cache-nez	O
.	O
	
Il	O
s’	O
assit	O
violemment	O
,	O
donna	O
un	O
coup	O
de	O
poing	O
sur	O
la	O
table	O
,	O
rejeta	O
le	O
journal	O
,	O
en	O
disant	O
:	O
	
–	O
	
Est	O
-ce	O
que	O
je	O
lis	O
ça	O
,	O
moi	O
,	O
leurs	O
sacrés	O
mensonges	O
!	O
	
Puis	O
il	O
éclata	O
.	O
	
–	O
A	O
-t	O
-on	O
jamais	O
vu	O
des	O
patrons	O
se	O
ficher	O
du	O
monde	O
comme	O
ça	O
!	O
	
Il	O
y	O
a	O
deux	O
heures	O
que	O
j’	O
attends	O
mes	O
appointements	O
.	O
	
Nous	O
étions	O
une	O
dizaine	O
dans	O
le	O
bureau	O
.	O
	
Ah	O
bien	O
,	O
oui	O
!	O
faites	O
le	O
pied	O
de	O
grue	O
,	O
mes	O
agneaux	O
…	O
	
Monsieur	B-PER
Manoury	E-PER
est	O
enfin	O
arrivé	O
,	O
en	O
voiture	O
,	O
de	O
chez	O
quelque	O
gueuse	O
,	O
bien	O
sûr	O
.	O
	
Ces	O
facteurs	O
,	O
ça	O
vole	O
,	O
ça	O
se	O
goberge	O
…	O
	
Et	O
encore	O
,	O
il	O
m’	O
a	O
tout	O
donné	O
en	O
grosse	O
monnaie	O
,	O
ce	O
cochon	O
-là	O
.	O
	
Robine	S-PER
épousait	O
la	O
querelle	O
de	O
Logre	S-PER
,	O
d’	O
un	O
léger	O
mouvement	O
de	O
paupières	O
.	O
	
Le	O
bossu	O
,	O
brusquement	O
,	O
trouva	O
une	O
victime	O
.	O
	
–	O
Rose	S-PER
!	O
	
Rose	S-PER
!	O
	
appela	O
-t	O
-il	O
,	O
en	O
se	O
penchant	O
hors	O
du	O
cabinet	O
.	O
	
Et	O
,	O
quand	O
la	O
jeune	O
femme	O
fut	O
en	O
face	O
de	O
lui	O
,	O
toute	O
tremblante	O
:	O
	
–	O
	
Eh	O
bien	O
,	O
quoi	O
!	O
quand	O
vous	O
me	O
regarderez	O
!	O
…	O
	
Vous	O
me	O
voyez	O
entrer	O
et	O
vous	O
ne	O
m’	O
apportez	O
pas	O
mon	O
mazagran…	O
	
Gavard	S-PER
commanda	O
deux	O
autres	O
mazagrans	O
.	O
	
Rose	S-PER
se	O
hâta	O
de	O
servir	O
les	O
trois	O
consommations	O
,	O
sous	O
les	O
yeux	O
sévères	O
de	O
Logre	S-PER
,	O
qui	O
semblait	O
étudier	O
les	O
verres	O
et	O
les	O
petits	O
plateaux	O
de	O
sucre	O
.	O
	
Il	O
but	O
une	O
gorgée	O
,	O
il	O
se	O
calma	O
un	O
peu	O
.	O
	
–	O
	
C’	O
est	O
Charvet	S-PER
,	O
dit	O
-il	O
au	O
bout	O
d’	O
un	O
instant	O
,	O
qui	O
doit	O
en	O
avoir	O
assez	O
…	O
	
Il	O
attend	O
Clémence	S-PER
sur	O
le	O
trottoir	O
.	O
	
Mais	O
Charvet	S-PER
entra	O
,	O
suivi	O
de	O
Clémence	S-PER
.	O
	
C’	O
était	O
un	O
grand	O
garçon	O
osseux	O
,	O
soigneusement	O
rasé	O
,	O
avec	O
un	O
nez	O
maigre	O
et	O
des	O
lèvres	O
minces	O
,	O
qui	O
demeurait	O
rue	B-LOC
Vavin	E-LOC
,	O
derrière	O
le	B-LOC
Luxembourg	E-LOC
.	O
	
Il	O
se	O
disait	O
professeur	O
libre	O
.	O
	
En	O
politique	O
,	O
il	O
était	O
hébertiste	O
.	O
	
Les	O
cheveux	O
longs	O
et	O
arrondis	O
,	O
les	O
revers	O
de	O
sa	O
redingote	O
râpée	O
extrêmement	O
rabattus	O
,	O
il	O
jouait	O
d’	O
ordinaire	O
au	O
conventionnel	O
,	O
avec	O
un	O
flot	O
de	O
paroles	O
aigres	O
,	O
une	O
érudition	O
si	O
étrangement	O
hautaine	O
,	O
qu’	O
il	O
battait	O
d’	O
ordinaire	O
ses	O
adversaires	O
.	O
	
Gavard	S-PER
en	O
avait	O
peur	O
,	O
sans	O
l’	O
avouer	O
;	O
	
il	O
déclarait	O
,	O
quand	O
Charvet	S-PER
n’	O
était	O
pas	O
là	O
,	O
qu’	O
il	O
allait	O
véritablement	O
trop	O
loin	O
.	O
	
Robine	S-PER
approuvait	O
tout	O
,	O
des	O
paupières	O
.	O
	
Logre	S-PER
seul	O
tenait	O
quelquefois	O
tête	O
à	O
Charvet	B-PER
,	O
sur	O
la	O
question	O
des	O
salaires	O
.	O
	
Mais	O
Charvet	B-PER
restait	O
le	O
despote	O
du	O
groupe	O
,	O
étant	O
le	O
plus	O
autoritaire	O
et	O
le	O
plus	O
instruit	O
.	O
	
Depuis	O
plus	O
de	O
dix	O
ans	O
,	O
Clémence	S-PER
et	O
lui	O
vivaient	O
maritalement	O
,	O
sur	O
des	O
bases	O
débattues	O
,	O
selon	O
un	O
contrat	O
strictement	O
observé	O
de	O
part	O
et	O
d’	O
autre	O
.	O
	
Florent	S-PER
,	O
qui	O
regardait	O
la	O
jeune	O
femme	O
avec	O
quelque	O
étonnement	O
,	O
se	O
rappela	O
enfin	O
où	O
il	O
l’	O
avait	O
vue	O
;	O
	
elle	O
n’	O
était	O
autre	O
que	O
la	O
grande	O
tabletière	O
brune	O
qui	O
écrivait	O
,	O
les	O
doigts	O
très	O
allongés	O
,	O
en	O
demoiselle	O
ayant	O
reçu	O
de	O
l’	O
instruction	O
.	O
	
Rose	S-PER
parut	O
sur	O
les	O
talons	O
des	O
deux	O
nouveaux	O
venus	O
;	O
	
elle	O
posa	O
,	O
sans	O
rien	O
dire	O
,	O
une	O
chope	O
devant	O
Charvet	B-PER
,	O
et	O
un	O
plateau	O
devant	O
Clémence	S-PER
,	O
qui	O
se	O
mit	O
à	O
préparer	O
posément	O
son	O
grog	O
,	O
versant	O
l’	O
eau	O
chaude	O
sur	O
le	O
citron	O
,	O
qu’	O
elle	O
écrasait	O
à	O
coups	O
de	O
cuiller	O
,	O
sucrant	O
,	O
mettant	O
le	O
rhum	O
en	O
consultant	O
le	O
carafon	O
,	O
pour	O
ne	O
pas	O
dépasser	O
le	O
petit	O
verre	O
réglementaire	O
.	O
	
Alors	O
,	O
Gavard	S-PER
présenta	O
Florent	S-PER
à	O
ces	O
messieurs	O
,	O
particulièrement	O
à	O
Charvet	S-PER
.	O
	
Il	O
les	O
donna	O
l’un	O
à	O
l’	O
autre	O
comme	O
des	O
professeurs	O
,	O
des	O
hommes	O
très	O
capables	O
,	O
qui	O
s’	O
entendraient	O
.	O
	
Mais	O
il	O
était	O
à	O
croire	O
qu’	O
il	O
avait	O
déjà	O
commis	O
quelque	O
indiscrétion	O
,	O
car	O
tous	O
échangèrent	O
des	O
poignées	O
de	O
main	O
,	O
en	O
se	O
serrant	O
les	O
doigts	O
fortement	O
d’	O
une	O
façon	O
maçonnique	O
.	O
	
Charvet	S-PER
lui-même	O
fut	O
presque	O
aimable	O
.	O
	
On	O
évita	O
,	O
d’	O
ailleurs	O
,	O
de	O
faire	O
aucune	O
allusion	O
.	O
	
–	O
	
Est	O
-ce	O
que	O
Manoury	S-PER
vous	O
a	O
payée	O
en	O
monnaie	O
?	O
	
demanda	O
Logre	S-PER
à	O
Clémence	S-PER
.	O
	
Elle	O
répondit	O
oui	O
,	O
elle	O
sortit	O
des	O
rouleaux	O
de	O
pièces	O
d’	O
un	O
franc	O
et	O
de	O
deux	O
francs	O
,	O
qu’	O
elle	O
déplia	O
.	O
	
Charvet	S-PER
la	O
regardait	O
;	O
	
il	O
suivait	O
les	O
rouleaux	O
qu’	O
elle	O
remettait	O
un	O
à	O
un	O
dans	O
sa	O
poche	O
,	O
après	O
en	O
avoir	O
vérifié	O
le	O
contenu	O
.	O
	
–	O
	
Il	O
faudra	O
faire	O
nos	O
comptes	O
,	O
dit	O
-il	O
à	O
demi-voix	O
.	O
	
–	O
	
Certainement	O
,	O
ce	O
soir	O
,	O
murmura	O
-t	O
-elle	O
.	O
	
D’	O
ailleurs	O
,	O
ça	O
doit	O
se	O
balancer	O
.	O
	
J’	O
ai	O
déjeuné	O
avec	O
toi	O
quatre	O
fois	O
,	O
n’	O
est	O
-ce	O
pas	O
?	O
	
mais	O
je	O
t’ai	O
prêté	O
cent	O
sous	O
,	O
la	O
semaine	O
dernière	O
.	O
	
Florent	S-PER
,	O
surpris	O
,	O
tourna	O
la	O
tête	O
pour	O
ne	O
pas	O
être	O
indiscret	O
.	O
	
Et	O
,	O
comme	O
Clémence	S-PER
avait	O
fait	O
disparaître	O
le	O
dernier	O
rouleau	O
,	O
elle	O
but	O
une	O
gorgée	O
de	O
grog	O
,	O
s’adossa	O
à	O
la	O
cloison	O
vitrée	O
,	O
et	O
écouta	O
tranquillement	O
les	O
hommes	O
qui	O
parlaient	O
politique	O
.	O
	
Gavard	S-PER
avait	O
repris	O
le	O
journal	O
,	O
lisant	O
,	O
d’	O
une	O
voix	O
qu’	O
il	O
cherchait	O
à	O
rendre	O
comique	O
,	O
des	O
lambeaux	O
du	O
discours	O
du	O
trône	O
prononcé	O
le	O
matin	O
,	O
à	O
l’	O
ouverture	O
des	O
Chambres	O
.	O
	
Alors	O
Charvet	S-PER
eut	O
beau	O
jeu	O
,	O
avec	O
cette	O
phraséologie	O
officielle	O
,	O
il	O
n’	O
en	O
laissa	O
pas	O
une	O
ligne	O
debout	O
.	O
	
Une	O
phrase	O
surtout	O
les	O
amusa	O
énormément	O
:	O
«	O
Nous	O
avons	O
la	O
confiance	O
,	O
messieurs	O
,	O
qu’	O
appuyé	O
sur	O
vos	O
lumières	O
et	O
sur	O
les	O
sentiments	O
conservateurs	O
du	O
pays	O
,	O
nous	O
arriverons	O
à	O
augmenter	O
de	O
jour	O
en	O
jour	O
la	O
prospérité	O
publique	O
.	O
	
»	O
Logre	S-PER
,	O
debout	O
,	O
déclama	O
cette	O
phrase	O
;	O
	
il	O
imitait	O
très	O
bien	O
avec	O
le	O
nez	O
la	O
voix	O
pâteuse	O
de	O
l’	O
empereur	O
.	O
	
–	O
	
Elle	O
est	O
belle	O
,	O
sa	O
prospérité	O
,	O
dit	O
Charvet	B-PER
.	O
	
Tout	O
le	O
monde	O
crève	O
la	O
faim	O
.	O
	
–	O
	
Le	O
commerce	O
va	O
très	O
mal	O
,	O
affirma	O
Gavard	S-PER
.	O
	
–	O
	
Et	O
puis	O
qu’	O
est	O
-ce	O
que	O
c’	O
est	O
que	O
ça	O
,	O
un	O
monsieur	O
«	O
appuyé	O
sur	O
des	O
lumières	O
»	O
?	O
	
reprit	O
Clémence	S-PER
,	O
qui	O
se	O
piquait	O
de	O
littérature	O
.	O
	
Robine	S-PER
lui-même	O
laissa	O
échapper	O
un	O
petit	O
rire	O
,	O
du	O
fond	O
de	O
sa	O
barbe	O
.	O
	
La	O
conversation	O
s’	O
échauffait	O
.	O
	
On	O
en	O
vint	O
au	O
Corps	O
législatif	O
,	O
qu’	O
on	O
traita	O
très	O
mal	O
.	O
	
Logre	S-PER
ne	O
décolérait	O
pas	O
,	O
Florent	S-PER
retrouvait	O
en	O
lui	O
le	O
beau	O
crieur	O
du	O
pavillon	O
de	O
la	O
marée	O
,	O
la	O
mâchoire	O
en	O
avant	O
,	O
les	O
mains	O
jetant	O
les	O
mots	O
dans	O
le	O
vide	O
,	O
l’	O
attitude	O
ramassée	O
et	O
aboyante	O
;	O
	
il	O
causait	O
ordinairement	O
politique	O
de	O
l’	O
air	O
furibond	O
dont	O
il	O
mettait	O
une	O
manne	O
de	O
soles	O
aux	O
enchères	O
.	O
	
Charvet	S-PER
,	O
lui	O
,	O
devenait	O
plus	O
froid	O
,	O
dans	O
la	O
buée	O
des	O
pipes	O
et	O
du	O
gaz	O
,	O
dont	O
s’	O
emplissait	O
l’	O
étroit	O
cabinet	O
;	O
	
sa	O
voix	O
prenait	O
des	O
sécheresses	O
de	O
couperet	O
,	O
pendant	O
que	O
Robine	S-PER
dodelinait	O
doucement	O
de	O
la	O
tête	O
,	O
sans	O
que	O
son	O
menton	O
quittât	O
l’	O
ivoire	O
de	O
sa	O
canne	O
.	O
	
Puis	O
,	O
sur	O
un	O
mot	O
de	O
Gavard	S-PER
,	O
on	O
arriva	O
à	O
parler	O
des	O
femmes	O
.	O
	
–	O
	
La	O
femme	O
,	O
déclara	O
nettement	O
Charvet	S-PER
,	O
est	O
l’	O
égale	O
de	O
l’	O
homme	O
;	O
et	O
,	O
à	O
ce	O
titre	O
,	O
elle	O
ne	O
doit	O
pas	O
le	O
gêner	O
dans	O
la	O
vie	O
.	O
	
Le	O
mariage	O
est	O
une	O
association	O
…	O
	
Tout	O
par	O
moitié	O
,	O
n’	O
est	O
-ce	O
pas	O
,	O
Clémence	S-PER
?	O
	
–	O
	
Évidemment	O
,	O
répondit	O
la	O
jeune	O
femme	O
,	O
la	O
tête	O
contre	O
la	O
cloison	O
,	O
les	O
yeux	O
en	O
l’	O
air	O
.	O
	
Mais	O
Florent	S-PER
vit	O
entrer	O
le	O
marchand	O
des	O
quatre-saisons	O
,	O
Lacaille	S-PER
,	O
et	O
Alexandre	S-PER
,	O
le	O
fort	O
,	O
l’	O
ami	O
de	O
Claude	B-PER
Lantier	E-PER
.	O
	
Ces	O
deux	O
hommes	O
étaient	O
longtemps	O
restés	O
à	O
l’	O
autre	O
table	O
du	O
cabinet	O
;	O
	
ils	O
n’	O
appartenaient	O
pas	O
au	O
même	O
monde	O
que	O
ces	O
messieurs	O
.	O
	
Puis	O
,	O
la	O
politique	O
aidant	O
,	O
leurs	O
chaises	O
se	O
rapprochèrent	O
,	O
ils	O
firent	O
partie	O
de	O
la	O
société	O
.	O
	
Charvet	S-PER
,	O
aux	O
yeux	O
duquel	O
ils	O
représentaient	O
le	O
peuple	O
,	O
les	O
endoctrina	O
fortement	O
,	O
tandis	O
que	O
Gavard	S-PER
faisait	O
le	O
boutiquier	O
sans	O
préjugés	O
en	O
trinquant	O
avec	O
eux	O
.	O
	
Alexandre	S-PER
avait	O
une	O
belle	O
gaieté	O
ronde	O
de	O
colosse	O
,	O
un	O
air	O
de	O
grand	O
enfant	O
heureux	O
.	O
	
Lacaille	S-PER
,	O
aigri	O
,	O
grisonnant	O
déjà	O
,	O
courbaturé	O
chaque	O
soir	O
par	O
son	O
éternel	O
voyage	O
dans	O
les	B-LOC
rues	I-LOC
de	I-LOC
Paris	E-LOC
,	O
regardait	O
parfois	O
d’	O
un	O
œil	O
louche	O
la	O
placidité	O
bourgeoise	O
,	O
les	O
bons	O
souliers	O
et	O
le	O
gros	O
paletot	O
de	O
Robine	S-PER
.	O
	
Ils	O
se	O
firent	O
servir	O
chacun	O
un	O
petit	O
verre	O
,	O
et	O
la	O
conversation	O
continua	O
,	O
plus	O
tumultueuse	O
et	O
plus	O
chaude	O
,	O
maintenant	O
que	O
la	O
société	O
était	O
au	O
complet	O
.	O
	
Ce	O
soir	O
-là	O
,	O
Florent	S-PER
,	O
par	O
la	O
porte	O
entrebâillée	O
de	O
la	O
cloison	O
,	O
aperçut	O
encore	O
mademoiselle	B-PER
Saget	E-PER
,	O
debout	O
devant	O
le	O
comptoir	O
.	O
	
Elle	O
avait	O
tiré	O
une	O
bouteille	O
de	O
dessous	O
son	O
tablier	O
,	O
elle	O
regardait	O
Rose	S-PER
,	O
qui	O
l’	O
emplissait	O
d’	O
une	O
grande	O
mesure	O
de	O
cassis	O
et	O
d’	O
une	O
mesure	O
d’eau-de-vie	O
,	O
plus	O
petite	O
.	O
	
Puis	O
,	O
la	O
bouteille	O
disparut	O
de	O
nouveau	O
sous	O
le	O
tablier	O
;	O
et	O
,	O
les	O
mains	O
cachées	O
,	O
mademoiselle	B-PER
Saget	E-PER
causa	O
,	O
dans	O
le	O
large	O
reflet	O
blanc	O
du	O
comptoir	O
,	O
en	O
face	O
de	O
la	O
glace	O
,	O
où	O
les	O
bocaux	O
et	O
les	O
bouteilles	O
de	O
liqueur	O
semblaient	O
accrocher	O
des	O
files	O
de	O
lanternes	O
vénitiennes	O
.	O
	
Le	O
soir	O
,	O
l’	O
établissement	O
surchauffé	O
s’	O
allumait	O
de	O
tout	O
son	O
métal	O
et	O
de	O
tous	O
ses	O
cristaux	O
.	O
	
La	O
vieille	O
fille	O
,	O
avec	O
ses	O
jupes	O
noires	O
,	O
faisait	O
une	O
étrange	O
tache	O
d’	O
insecte	O
,	O
au	O
milieu	O
de	O
ces	O
clartés	O
crues	O
.	O
	
Florent	S-PER
,	O
en	O
voyant	O
qu’	O
elle	O
tentait	O
de	O
faire	O
parler	O
Rose	S-PER
,	O
se	O
douta	O
qu’	O
elle	O
l’	O
avait	O
aperçu	O
par	O
l’	O
entrebâillement	O
de	O
la	O
porte	O
.	O
	
Depuis	O
qu’	O
il	O
était	O
entré	O
aux	B-LOC
Halles	E-LOC
,	O
il	O
la	O
rencontrait	O
à	O
chaque	O
pas	O
,	O
arrêtée	O
sous	O
les	O
rues	O
couvertes	O
,	O
le	O
plus	O
souvent	O
en	O
compagnie	O
de	O
madame	B-PER
Lecœur	E-PER
et	O
de	O
la	O
Sarriette	S-PER
,	O
l’	O
examinant	O
toutes	O
trois	O
à	O
la	O
dérobée	O
,	O
paraissant	O
profondément	O
surprises	O
de	O
sa	O
nouvelle	O
position	O
d’	O
inspecteur	O
.	O
	
Rose	S-PER
sans	O
doute	O
resta	O
lente	O
de	O
paroles	O
,	O
car	O
mademoiselle	B-PER
Saget	E-PER
tourna	O
un	O
instant	O
,	O
parut	O
vouloir	O
s’	O
approcher	O
de	O
monsieur	B-PER
Lebigre	E-PER
,	O
qui	O
faisait	O
un	O
piquet	O
avec	O
un	O
consommateur	O
sur	O
une	O
des	O
tables	O
de	O
fonte	O
vernie	O
.	O
	
Doucement	O
,	O
elle	O
avait	O
fini	O
par	O
se	O
placer	O
contre	O
la	O
cloison	O
,	O
lorsque	O
Gavard	S-PER
la	O
reconnut	O
.	O
	
Il	O
la	O
détestait	O
.	O
	
–	O
Fermez	O
donc	O
la	O
porte	O
,	O
Florent	S-PER
,	O
dit	O
-il	O
brutalement	O
.	O
	
On	O
ne	O
peut	O
pas	O
être	O
chez	O
soi	O
.	O
	
À	O
minuit	O
,	O
en	O
sortant	O
,	O
Lacaille	S-PER
échangea	O
quelques	O
mots	O
à	O
voix	O
basse	O
avec	O
monsieur	B-PER
Lebigre	E-PER
.	O
	
Celui-ci	O
,	O
dans	O
une	O
poignée	O
de	O
main	O
,	O
lui	O
glissa	O
quatre	O
pièces	O
de	O
cinq	O
francs	O
,	O
que	O
personne	O
ne	O
vit	O
,	O
en	O
murmurant	O
à	O
son	O
oreille	O
:	O
	
–	O
	
Vous	O
savez	O
,	O
c’	O
est	O
vingt-deux	O
francs	O
pour	O
demain	O
.	O
	
La	O
personne	O
qui	O
prête	O
ne	O
veut	O
plus	O
à	O
moins	O
…	O
	
N’oubliez	O
pas	O
aussi	O
que	O
vous	O
devez	O
trois	O
jours	O
de	O
voiture	O
.	O
	
Il	O
faudra	O
tout	O
payer	O
.	O
	
Monsieur	B-PER
Lebigre	E-PER
souhaita	O
le	O
bonsoir	O
à	O
ces	O
messieurs	O
.	O
	
Il	O
allait	O
bien	O
dormir	O
,	O
disait	O
-il	O
;	O
et	O
il	O
bâillait	O
légèrement	O
,	O
en	O
montrant	O
de	O
fortes	O
dents	O
,	O
tandis	O
que	O
Rose	S-PER
le	O
contemplait	O
,	O
de	O
son	O
air	O
de	O
servante	O
soumise	O
.	O
	
Il	O
la	O
bouscula	O
,	O
il	O
lui	O
commanda	O
d’	O
aller	O
éteindre	O
le	O
gaz	O
,	O
dans	O
le	O
cabinet	O
.	O
	
Sur	O
le	O
trottoir	O
,	O
Gavard	S-PER
trébucha	O
,	O
faillit	O
tomber	O
.	O
	
Comme	O
il	O
était	O
en	O
veine	O
d’	O
esprit	O
:	O
	
–	O
Fichtre	O
!	O
	
dit	O
-il	O
,	O
je	O
ne	O
suis	O
pas	O
appuyé	O
sur	O
des	O
lumières	O
,	O
moi	O
!	O
	
Cela	O
parut	O
très	O
drôle	O
,	O
et	O
l’	O
on	O
se	O
sépara	O
.	O
	
Florent	S-PER
revint	O
,	O
s’	O
acoquina	O
à	O
ce	O
cabinet	O
vitré	O
,	O
dans	O
les	O
silences	O
de	O
Robine	S-PER
,	O
les	O
emportements	O
de	O
Logre	S-PER
,	O
les	O
haines	O
froides	O
de	O
Charvet	S-PER
.	O
	
Le	O
soir	O
,	O
en	O
rentrant	O
,	O
il	O
ne	O
se	O
couchait	O
pas	O
tout	O
de	O
suite	O
.	O
	
Il	O
aimait	O
son	O
grenier	O
,	O
cette	O
chambre	O
de	O
jeune	O
fille	O
,	O
où	O
Augustine	S-PER
avait	O
laissé	O
des	O
bouts	O
de	O
chiffon	O
,	O
des	O
choses	O
tendres	O
et	O
niaises	O
de	O
femme	O
,	O
qui	O
traînaient	O
.	O
	
Sur	O
la	O
cheminée	O
,	O
il	O
y	O
avait	O
encore	O
des	O
épingles	O
à	O
cheveux	O
,	O
des	O
boîtes	O
de	O
carton	O
doré	O
pleines	O
de	O
boutons	O
et	O
de	O
pastilles	O
,	O
des	O
images	O
découpées	O
,	O
des	O
pots	O
de	O
pommade	O
vides	O
sentant	O
toujours	O
le	O
jasmin	O
;	O
dans	O
le	O
tiroir	O
de	O
la	O
table	O
,	O
une	O
méchante	O
table	O
de	O
bois	O
blanc	O
,	O
étaient	O
restés	O
du	O
fil	O
,	O
des	O
aiguilles	O
,	O
un	O
paroissien	O
,	O
à	O
côté	O
d’	O
un	O
exemplaire	O
maculé	O
de	O
la	O
Clef	O
des	O
songes	O
;	O
et	O
une	O
robe	O
d’	O
été	O
,	O
blanche	O
,	O
à	O
pois	O
jaunes	O
,	O
pendait	O
,	O
oubliée	O
à	O
un	O
clou	O
,	O
tandis	O
que	O
,	O
sur	O
la	O
planche	O
qui	O
servait	O
de	O
toilette	O
,	O
derrière	O
le	O
pot	O
à	O
eau	O
,	O
un	O
flacon	O
de	O
bandoline	O
renversé	O
avait	O
laissé	O
une	O
grande	O
tache	O
.	O
	
Florent	S-PER
eût	O
souffert	O
dans	O
une	O
alcôve	O
de	O
femme	O
;	O
	
mais	O
,	O
de	O
toute	O
la	O
pièce	O
,	O
de	O
l’	O
étroit	O
lit	O
de	O
fer	O
,	O
des	O
deux	O
chaises	O
de	O
paille	O
,	O
jusque	O
du	O
papier	O
peint	O
,	O
d’	O
un	O
gris	O
effacé	O
,	O
ne	O
montait	O
qu’	O
une	O
odeur	O
de	O
bêtise	O
naïve	O
,	O
une	O
odeur	O
de	O
grosse	O
fille	O
puérile	O
.	O
	
Et	O
il	O
était	O
heureux	O
de	O
cette	O
pureté	O
des	O
rideaux	O
,	O
de	O
cet	O
enfantillage	O
des	O
boîtes	O
dorées	O
et	O
de	O
la	B-MISC
Clef	I-MISC
des	I-MISC
songes	E-MISC
,	O
de	O
cette	O
coquetterie	O
maladroite	O
qui	O
tachait	O
les	O
murs	O
.	O
	
Cela	O
le	O
rafraîchissait	O
,	O
le	O
ramenait	O
à	O
des	O
rêves	O
de	O
jeunesse	O
.	O
	
Il	O
aurait	O
voulu	O
ne	O
pas	O
connaître	O
Augustine	S-PER
,	O
aux	O
durs	O
cheveux	O
châtains	O
,	O
croire	O
qu’	O
il	O
était	O
chez	O
une	O
sœur	O
,	O
chez	O
une	O
brave	O
fille	O
,	O
mettant	O
autour	O
de	O
lui	O
,	O
dans	O
les	O
moindres	O
choses	O
,	O
sa	O
grâce	O
de	O
femme	O
naissante	O
.	O
	
Mais	O
,	O
le	O
soir	O
,	O
un	O
grand	O
soulagement	O
pour	O
lui	O
était	O
encore	O
de	O
s’	O
accouder	O
à	O
la	O
fenêtre	O
de	O
sa	O
mansarde	O
.	O
	
Cette	O
fenêtre	O
taillait	O
dans	O
le	O
toit	O
un	O
étroit	O
balcon	O
,	O
à	O
haute	O
rampe	O
de	O
fer	O
,	O
où	O
Augustine	S-PER
soignait	O
un	O
grenadier	O
en	O
caisse	O
.	O
	
Florent	S-PER
,	O
depuis	O
que	O
les	O
nuits	O
devenaient	O
froides	O
,	O
faisait	O
coucher	O
le	O
grenadier	O
dans	O
la	O
chambre	O
,	O
au	O
pied	O
de	O
son	O
lit	O
.	O
	
Il	O
restait	O
là	O
quelques	O
minutes	O
,	O
aspirant	O
fortement	O
l’	O
air	O
frais	O
qui	O
lui	O
venait	O
de	O
la	B-LOC
Seine	E-LOC
,	O
par-dessus	O
les	O
maisons	O
de	O
la	B-LOC
rue	I-LOC
de	I-LOC
Rivoli	E-LOC
.	O
	
En	O
bas	O
,	O
confusément	O
,	O
les	O
toitures	O
des	B-LOC
Halles	E-LOC
étalaient	O
leurs	O
nappes	O
grises	O
.	O
	
C’	O
était	O
comme	O
des	O
lacs	O
endormis	O
,	O
au	O
milieu	O
desquels	O
le	O
reflet	O
furtif	O
de	O
quelque	O
vitre	O
allumait	O
la	O
lueur	O
argentée	O
d’	O
un	O
flot	O
.	O
	
Au	O
loin	O
,	O
les	O
toits	O
des	O
pavillons	O
de	O
la	O
boucherie	O
et	O
de	O
la	B-LOC
Vallée	E-LOC
s’	O
assombrissaient	O
encore	O
,	O
n’	O
étaient	O
plus	O
que	O
des	O
entassements	O
de	O
ténèbres	O
reculant	O
l’	O
horizon	O
.	O
	
Il	O
jouissait	O
du	O
grand	O
morceau	O
de	O
ciel	O
qu’	O
il	O
avait	O
en	O
face	O
de	O
lui	O
,	O
de	O
cet	O
immense	O
développement	O
des	B-LOC
Halles	E-LOC
,	O
qui	O
lui	O
donnait	O
,	O
au	O
milieu	O
des	B-LOC
rues	I-LOC
étranglées	I-LOC
de	I-LOC
Paris	E-LOC
,	O
la	O
vision	O
vague	O
d’	O
un	O
bord	O
de	O
mer	O
,	O
avec	O
les	O
eaux	O
mortes	O
et	O
ardoisées	O
d’	O
une	O
baie	O
à	O
peine	O
frissonnantes	O
du	O
roulement	O
lointain	O
de	O
la	O
houle	O
.	O
	
Il	O
s’	O
oubliait	O
,	O
il	O
rêvait	O
chaque	O
soir	O
une	O
côte	O
nouvelle	O
.	O
	
Cela	O
le	O
rendait	O
très	O
triste	O
et	O
très	O
heureux	O
à	O
la	O
fois	O
,	O
de	O
retourner	O
dans	O
ces	O
huit	O
années	O
de	O
désespoir	O
qu’	O
il	O
avait	O
passées	O
hors	O
de	O
France	S-LOC
.	O
	
Puis	O
,	O
tout	O
frissonnant	O
,	O
il	O
refermait	O
la	O
fenêtre	O
.	O
	
Souvent	O
,	O
lorsqu’	O
il	O
ôtait	O
son	O
faux	O
col	O
devant	O
la	O
cheminée	O
,	O
la	O
photographie	O
d’	O
Auguste	S-PER
et	O
d’	O
Augustine	S-PER
l’	O
inquiétait	O
;	O
	
ils	O
le	O
regardaient	O
se	O
déshabiller	O
,	O
de	O
leur	O
sourire	O
blême	O
,	O
la	O
main	O
dans	O
la	O
main	O
.	O
	
Les	O
premières	O
semaines	O
que	O
Florent	S-PER
passa	O
au	O
pavillon	O
de	O
la	O
marée	O
furent	O
très	O
pénibles	O
.	O
	
Il	O
avait	O
trouvé	O
dans	O
les	B-PER
Méhudin	E-PER
une	O
hostilité	O
ouverte	O
qui	O
le	O
mit	O
en	O
lutte	O
avec	O
le	O
marché	O
entier	O
.	O
	
La	B-PER
belle	I-PER
Normande	E-PER
entendait	O
se	O
venger	O
de	O
la	O
belle	O
Lisa	S-PER
,	O
et	O
le	O
cousin	O
était	O
une	O
victime	O
toute	O
trouvée	O
.	O
	
Les	B-PER
Méhudin	E-PER
venaient	O
de	O
Rouen	S-LOC
.	O
	
La	O
mère	O
de	O
Louise	S-PER
racontait	O
encore	O
comment	O
elle	O
était	O
arrivée	O
à	O
Paris	S-LOC
,	O
avec	O
des	O
anguilles	O
dans	O
un	O
panier	O
.	O
	
Elle	O
ne	O
quitta	O
plus	O
la	O
poissonnerie	O
.	O
	
Elle	O
y	O
épousa	O
un	O
employé	O
de	O
l’	O
octroi	O
,	O
qui	O
mourut	O
en	O
lui	O
laissant	O
deux	O
petites	O
filles	O
.	O
	
Ce	O
fut	O
elle	O
,	O
jadis	O
,	O
qui	O
mérita	O
,	O
par	O
ses	O
larges	O
hanches	O
et	O
sa	O
fraîcheur	O
superbe	O
,	O
ce	O
surnom	O
de	O
la	B-PER
belle	I-PER
Normande	E-PER
,	O
dont	O
sa	O
fille	O
aînée	O
avait	O
hérité	O
.	O
	
Aujourd’hui	O
,	O
tassée	O
,	O
avachie	O
,	O
elle	O
portait	O
ses	O
soixante-cinq	O
ans	O
en	O
matrone	O
dont	O
la	O
marée	O
humide	O
avait	O
enroué	O
la	O
voix	O
et	O
bleui	O
la	O
peau	O
.	O
	
Elle	O
était	O
énorme	O
de	O
vie	O
sédentaire	O
,	O
la	O
taille	O
débordante	O
,	O
la	O
tête	O
rejetée	O
en	O
arrière	O
par	O
la	O
force	O
de	O
la	O
gorge	O
et	O
le	O
flot	O
montant	O
de	O
la	O
graisse	O
.	O
	
Jamais	O
,	O
d’	O
ailleurs	O
,	O
elle	O
ne	O
voulut	O
renoncer	O
aux	O
modes	O
de	O
son	O
temps	O
;	O
	
elle	O
conserva	O
la	O
robe	O
à	O
ramages	O
,	O
le	O
fichu	O
jaune	O
,	O
la	O
marmotte	O
des	O
poissonnières	O
classiques	O
,	O
avec	O
la	O
voix	O
haute	O
,	O
le	O
geste	O
prompt	O
,	O
les	O
poings	O
aux	O
côtes	O
,	O
l’	O
engueulade	O
du	O
catéchisme	O
poissard	O
coulant	O
des	O
lèvres	O
.	O
	
Elle	O
regrettait	O
le	B-LOC
marché	I-LOC
des	I-LOC
Innocents	E-LOC
,	O
parlait	O
des	O
anciens	O
droits	O
des	O
dames	O
de	O
la	B-LOC
Halle	E-LOC
,	O
mêlait	O
à	O
des	O
histoires	O
de	O
coups	O
de	O
poing	O
échangés	O
avec	O
des	O
inspecteurs	O
de	O
police	O
des	O
récits	O
de	O
visite	O
à	O
la	O
cour	O
,	O
du	O
temps	O
de	O
Charles	B-PER
X	E-PER
et	O
de	O
Louis-Philippe	S-PER
,	O
en	O
toilette	O
de	O
soie	O
,	O
et	O
de	O
gros	O
bouquets	O
à	O
la	O
main	O
.	O
	
La	B-PER
mère	I-PER
Méhudin	E-PER
,	O
comme	O
on	O
la	O
nommait	O
,	O
était	O
longtemps	O
restée	O
porte-bannière	O
de	O
la	O
confrérie	B-MISC
de	I-MISC
la	I-MISC
Vierge	E-MISC
,	O
à	O
Saint-Leu	S-LOC
.	O
	
Aux	O
processions	O
,	O
dans	O
l’	O
église	O
,	O
elle	O
avait	O
une	O
robe	O
et	O
un	O
bonnet	O
de	O
tulle	O
,	O
à	O
rubans	O
de	O
satin	O
,	O
tenant	O
très	O
haut	O
,	O
de	O
ses	O
doigts	O
enflés	O
,	O
le	O
bâton	O
doré	O
de	O
l’	O
étendard	O
de	O
soie	O
à	O
frange	O
riche	O
,	O
où	O
était	O
brodée	O
une	O
Mère	B-PER
de	I-PER
Dieu	E-PER
.	O
	
La	B-PER
mère	I-PER
Méhudin	E-PER
,	O
selon	O
les	O
commérages	O
du	O
quartier	O
,	O
devait	O
avoir	O
fait	O
une	O
grosse	O
fortune	O
.	O
	
Il	O
n’	O
y	O
paraissait	O
guère	O
qu’	O
aux	O
bijoux	O
d’	O
or	O
massif	O
dont	O
elle	O
se	O
chargeait	O
le	O
cou	O
,	O
les	O
bras	O
et	O
la	O
taille	O
,	O
dans	O
les	O
grands	O
jours	O
.	O
	
Plus	O
tard	O
,	O
ses	O
deux	O
filles	O
ne	O
s’	O
entendirent	O
pas	O
.	O
	
La	O
cadette	O
,	O
Claire	S-PER
,	O
une	O
blonde	O
paresseuse	O
,	O
se	O
plaignait	O
des	O
brutalités	O
de	O
Louise	S-PER
,	O
disait	O
de	O
sa	O
voix	O
lente	O
qu’	O
elle	O
ne	O
serait	O
jamais	O
la	O
bonne	O
de	O
sa	O
sœur	O
.	O
	
Comme	O
elles	O
auraient	O
certainement	O
fini	O
par	O
se	O
battre	O
,	O
la	O
mère	O
les	O
sépara	O
.	O
	
Elle	O
céda	O
à	O
Louise	S-PER
son	O
banc	O
de	O
marée	O
.	O
	
Claire	S-PER
,	O
que	O
l’	O
odeur	O
des	O
raies	O
et	O
des	O
harengs	O
faisait	O
tousser	O
,	O
s’	O
installa	O
à	O
un	O
banc	O
de	O
poissons	O
d’	O
eau	O
douce	O
.	O
	
Et	O
,	O
tout	O
en	O
ayant	O
juré	O
de	O
se	O
retirer	O
,	O
la	O
mère	O
allait	O
d’	O
un	O
banc	O
à	O
l’	O
autre	O
,	O
se	O
mêlant	O
encore	O
de	O
la	O
vente	O
,	O
causant	O
de	O
continuels	O
ennuis	O
à	O
ses	O
filles	O
par	O
ses	O
insolences	O
trop	O
grasses	O
.	O
	
Claire	S-PER
était	O
une	O
créature	O
fantasque	O
,	O
très	O
douce	O
,	O
et	O
en	O
continuelle	O
querelle	O
.	O
	
Elle	O
n’	O
en	O
faisait	O
jamais	O
qu’	O
à	O
sa	O
tête	O
,	O
disait	O
-on	O
.	O
	
Elle	O
avait	O
,	O
avec	O
sa	O
figure	O
rêveuse	O
de	O
vierge	O
,	O
un	O
entêtement	O
muet	O
,	O
un	O
esprit	O
d’	O
indépendance	O
qui	O
la	O
poussait	O
à	O
vivre	O
à	O
part	O
,	O
n’	O
acceptant	O
rien	O
comme	O
les	O
autres	O
,	O
d’	O
une	O
droiture	O
absolue	O
un	O
jour	O
,	O
d’	O
une	O
injustice	O
révoltante	O
le	O
lendemain	O
.	O
	
À	O
son	O
banc	O
,	O
elle	O
révolutionnait	O
parfois	O
le	O
marché	O
,	O
haussant	O
ou	O
baissant	O
les	O
prix	O
,	O
sans	O
qu’	O
on	O
s’	O
expliquât	O
pourquoi	O
.	O
	
Vers	O
la	O
trentaine	O
,	O
sa	O
finesse	O
de	O
nature	O
,	O
sa	O
peau	O
mince	O
que	O
l’	O
eau	O
des	O
viviers	O
rafraîchissait	O
éternellement	O
,	O
sa	O
petite	O
face	O
d’	O
un	O
dessin	O
noyé	O
,	O
ses	O
membres	O
souples	O
,	O
devaient	O
s’	O
épaissir	O
,	O
tomber	O
à	O
l’	O
avachissement	O
d’	O
une	O
sainte	O
de	O
vitrail	O
,	O
encanaillée	O
dans	O
les	B-LOC
Halles	E-LOC
.	O
	
Mais	O
,	O
à	O
vingt-deux	O
ans	O
,	O
elle	O
restait	O
un	O
Murillo	S-MISC
au	O
milieu	O
de	O
ses	O
carpes	O
et	O
de	O
ses	O
anguilles	O
,	O
selon	O
le	O
mot	O
de	O
Claude	B-PER
Lantier	E-PER
,	O
un	O
Murillo	S-MISC
décoiffé	O
souvent	O
,	O
avec	O
de	O
gros	O
souliers	O
,	O
des	O
robes	O
taillées	O
à	O
coups	O
de	O
hache	O
qui	O
l’	O
habillaient	O
comme	O
une	O
planche	O
.	O
	
Elle	O
n’	O
était	O
pas	O
coquette	O
;	O
	
elle	O
se	O
montrait	O
très	O
méprisante	O
,	O
quand	O
Louise	S-PER
,	O
étalant	O
ses	O
nœuds	O
de	O
ruban	O
,	O
la	O
plaisantait	O
sur	O
ses	O
fichus	O
noués	O
de	O
travers	O
.	O
	
On	O
racontait	O
que	O
le	O
fils	O
d’	O
un	O
riche	O
boutiquier	O
du	O
quartier	O
voyageait	O
de	O
rage	O
,	O
n’	O
ayant	O
pu	O
obtenir	O
d’	O
elle	O
une	O
bonne	O
parole	O
.	O
	
Louise	S-PER
,	O
la	B-PER
belle	I-PER
Normande	E-PER
,	O
s’	O
était	O
montrée	O
plus	O
tendre	O
.	O
	
Son	O
mariage	O
se	O
trouvait	O
arrêté	O
avec	O
un	O
employé	O
de	O
la	B-LOC
Halle	I-LOC
au	I-LOC
blé	E-LOC
,	O
lorsque	O
le	O
malheureux	O
garçon	O
eut	O
les	O
reins	O
cassés	O
par	O
la	O
chute	O
d’	O
un	O
sac	O
de	O
farine	O
.	O
	
Elle	O
n’	O
en	O
accoucha	O
pas	O
moins	O
sept	O
mois	O
plus	O
tard	O
d’	O
un	O
gros	O
enfant	O
.	O
	
Dans	O
l’	O
entourage	O
des	B-PER
Méhudin	E-PER
,	O
on	O
considérait	O
la	B-PER
belle	I-PER
Normande	E-PER
comme	O
veuve	O
.	O
	
La	O
vieille	O
poissonnière	O
disait	O
parfois	O
:	O
«	O
Quand	O
mon	O
gendre	O
vivait…	O
»	O
	
Les	B-PER
Méhudin	E-PER
étaient	O
une	O
puissance	O
.	O
	
Lorsque	O
monsieur	B-PER
Verlaque	E-PER
acheva	O
de	O
mettre	O
Florent	S-PER
au	O
courant	O
de	O
ses	O
nouvelles	O
occupations	O
,	O
il	O
lui	O
recommanda	O
de	O
ménager	O
certaines	O
marchandes	O
,	O
s’	O
il	O
ne	O
voulait	O
se	O
rendre	O
la	O
vie	O
impossible	O
;	O
	
il	O
poussa	O
même	O
la	O
sympathie	O
jusqu’	O
à	O
lui	O
apprendre	O
les	O
petits	O
secrets	O
du	O
métier	O
,	O
les	O
tolérances	O
nécessaires	O
,	O
les	O
sévérités	O
de	O
comédie	O
,	O
les	O
cadeaux	O
acceptables	O
.	O
	
Un	O
inspecteur	O
est	O
à	O
la	O
fois	O
un	O
commissaire	O
de	O
police	O
et	O
un	O
juge	O
de	O
paix	O
,	O
veillant	O
à	O
la	O
bonne	O
tenue	O
du	O
marché	O
,	O
conciliant	O
les	O
différends	O
entre	O
l’	O
acheteur	O
et	O
le	O
vendeur	O
.	O
	
Florent	S-PER
,	O
de	O
caractère	O
faible	O
,	O
se	O
raidissait	O
,	O
dépassait	O
le	O
but	O
,	O
toutes	O
les	O
fois	O
qu’	O
il	O
devait	O
faire	O
acte	O
d’	O
autorité	O
;	O
	
et	O
il	O
avait	O
de	O
plus	O
contre	O
lui	O
l’	O
amertume	O
de	O
ses	O
longues	O
souffrances	O
,	O
sa	O
face	O
sombre	O
de	O
paria	O
.	O
	
La	O
tactique	O
de	O
la	B-PER
belle	I-PER
Normande	E-PER
fut	O
de	O
l’	O
attirer	O
dans	O
quelque	O
querelle	O
.	O
	
Elle	O
avait	O
juré	O
qu’	O
il	O
ne	O
garderait	O
pas	O
sa	O
place	O
quinze	O
jours	O
.	O
	
–	O
Ah	O
!	O
	
bien	O
,	O
dit	O
-elle	O
à	O
madame	B-PER
Lecœur	E-PER
qu’	O
elle	O
rencontra	O
un	O
matin	O
,	O
si	O
la	O
grosse	O
Lisa	S-PER
croit	O
que	O
nous	O
voulons	O
de	O
ses	O
restes	O
!	O
…	O
	
Nous	O
avons	O
plus	O
de	O
goût	O
qu’	O
elle	O
.	O
	
Il	O
est	O
affreux	O
,	O
son	O
homme	O
!	O
	
Après	O
les	O
criées	O
,	O
lorsque	O
Florent	S-PER
commençait	O
son	O
tour	O
d’	O
inspection	O
,	O
à	O
petits	O
pas	O
,	O
le	O
long	O
des	O
allées	O
ruisselantes	O
d’	O
eau	O
,	O
il	O
voyait	O
parfaitement	O
la	B-PER
belle	I-PER
Normande	E-PER
qui	O
le	O
suivait	O
d’	O
un	O
rire	O
effronté	O
.	O
	
Son	O
banc	O
,	O
à	O
la	O
deuxième	O
rangée	O
,	O
à	O
gauche	O
,	O
près	O
des	O
bancs	O
de	O
poissons	O
d’	O
eau	O
douce	O
,	O
faisait	O
face	O
à	O
la	B-LOC
rue	I-LOC
Rambuteau	E-LOC
.	O
	
Elle	O
se	O
tournait	O
,	O
ne	O
quittant	O
pas	O
sa	O
victime	O
des	O
yeux	O
,	O
se	O
moquant	O
avec	O
des	O
voisines	O
.	O
	
Puis	O
,	O
quand	O
il	O
passait	O
devant	O
elle	O
,	O
examinant	O
lentement	O
les	O
pierres	O
,	O
elle	O
affectait	O
une	O
gaieté	O
immodérée	O
,	O
tapait	O
les	O
poissons	O
,	O
ouvrait	O
son	O
robinet	O
tout	O
grand	O
,	O
inondait	O
l’	O
allée	O
.	O
	
Florent	S-PER
restait	O
impassible	O
.	O
	
Mais	O
,	O
un	O
matin	O
,	O
fatalement	O
,	O
la	O
guerre	O
éclata	O
.	O
	
Ce	O
jour	O
-là	O
,	O
Florent	S-PER
,	O
en	O
arrivant	O
devant	O
le	O
banc	O
de	O
la	B-PER
belle	I-PER
Normande	E-PER
,	O
sentit	O
une	O
puanteur	O
insupportable	O
.	O
	
Il	O
y	O
avait	O
là	O
,	O
sur	O
le	O
marbre	O
,	O
un	O
saumon	O
superbe	O
,	O
entamé	O
,	O
montrant	O
la	O
blondeur	O
rose	O
de	O
sa	O
chair	O
;	O
des	O
turbots	O
d’	O
une	O
blancheur	O
de	O
crème	O
;	O
des	O
congres	O
,	O
piqués	O
de	O
l’	O
épingle	O
noire	O
qui	O
sert	O
à	O
marquer	O
les	O
tranches	O
;	O
des	O
paires	O
de	O
soles	O
,	O
des	O
rougets	O
,	O
des	O
bars	O
,	O
tout	O
un	O
étalage	O
frais	O
.	O
	
Et	O
,	O
au	O
milieu	O
de	O
ces	O
poissons	O
à	O
l’	O
œil	O
vif	O
,	O
dont	O
les	O
ouïes	O
saignaient	O
encore	O
,	O
s’	O
étalait	O
une	O
grande	O
raie	O
,	O
rougeâtre	O
,	O
marbrée	O
de	O
taches	O
sombres	O
,	O
magnifique	O
de	O
tons	O
étranges	O
;	O
	
la	O
grande	O
raie	O
était	O
pourrie	O
,	O
la	O
queue	O
tombait	O
,	O
les	O
baleines	O
des	O
nageoires	O
perçaient	O
la	O
peau	O
rude	O
.	O
	
–	O
	
Il	O
faut	O
jeter	O
cette	O
raie	O
,	O
dit	O
Florent	S-PER
en	O
s’	O
approchant	O
.	O
	
La	B-PER
belle	I-PER
Normande	E-PER
eut	O
un	O
petit	O
rire	O
.	O
	
Il	O
leva	O
les	O
yeux	O
,	O
il	O
l’	O
aperçut	O
debout	O
,	O
appuyée	O
au	O
poteau	O
de	O
bronze	O
des	O
deux	O
becs	O
de	O
gaz	O
qui	O
éclairent	O
les	O
quatre	O
places	O
de	O
chaque	O
banc	O
.	O
	
Elle	O
lui	O
parut	O
très	O
grande	O
,	O
montée	O
sur	O
quelque	O
caisse	O
,	O
pour	O
protéger	O
ses	O
pieds	O
de	O
l’	O
humidité	O
.	O
	
Elle	O
pinçait	O
les	O
lèvres	O
,	O
plus	O
belle	O
encore	O
que	O
de	O
coutume	O
,	O
coiffée	O
avec	O
des	O
frisons	O
,	O
la	O
tête	O
sournoise	O
,	O
un	O
peu	O
basse	O
,	O
les	O
mains	O
trop	O
roses	O
dans	O
la	O
blancheur	O
du	O
grand	O
tablier	O
.	O
	
Jamais	O
il	O
ne	O
lui	O
avait	O
tant	O
vu	O
de	O
bijoux	O
:	O
elle	O
portait	O
de	O
longues	O
boucles	O
d’	O
oreilles	O
,	O
une	O
chaîne	O
de	O
cou	O
,	O
une	O
broche	O
,	O
des	O
enfilades	O
de	O
bagues	O
à	O
deux	O
doigts	O
de	O
la	O
main	O
gauche	O
et	O
à	O
un	O
doigt	O
de	O
la	O
main	O
droite	O
.	O
	
Comme	O
elle	O
continuait	O
à	O
le	O
regarder	O
en	O
dessous	O
,	O
sans	O
répondre	O
,	O
il	O
reprit	O
:	O
	
–	O
	
Vous	O
entendez	O
,	O
faites	O
disparaître	O
cette	O
raie	O
.	O
	
Mais	O
il	O
n’	O
avait	O
pas	O
remarqué	O
la	B-PER
mère	I-PER
Méhudin	E-PER
,	O
assise	O
sur	O
une	O
chaise	O
,	O
tassée	O
dans	O
un	O
coin	O
.	O
	
Elle	O
se	O
leva	O
,	O
avec	O
les	O
cornes	O
de	O
sa	O
marmotte	O
;	O
et	O
,	O
s’	O
appuyant	O
des	O
poings	O
à	O
la	O
table	O
de	O
marbre	O
:	O
	
–	O
Tiens	O
!	O
dit	O
-elle	O
insolemment	O
,	O
pourquoi	O
donc	O
qu’	O
elle	O
la	O
jetterait	O
,	O
sa	O
raie	O
!	O
…	O
	
Ce	O
n’	O
est	O
pas	O
vous	O
qui	O
la	O
lui	O
payerez	O
,	O
peut-être	O
!	O
	
Alors	O
,	O
Florent	S-PER
comprit	O
.	O
	
Les	O
autres	O
marchandes	O
ricanaient	O
.	O
	
Il	O
sentait	O
,	O
autour	O
de	O
lui	O
,	O
une	O
révolte	O
sourde	O
qui	O
attendait	O
un	O
mot	O
pour	O
éclater	O
.	O
	
Il	O
se	O
contint	O
,	O
tira	O
lui-même	O
,	O
de	O
dessous	O
le	O
banc	O
,	O
le	O
seau	O
aux	O
vidures	O
,	O
y	O
fit	O
tomber	O
la	O
raie	O
.	O
	
La	B-PER
mère	I-PER
Méhudin	E-PER
mettait	O
déjà	O
les	O
poings	O
sur	O
les	O
hanches	O
;	O
	
mais	O
la	B-PER
belle	I-PER
Normande	E-PER
,	O
qui	O
n’	O
avait	O
pas	O
desserré	O
les	O
lèvres	O
,	O
eut	O
de	O
nouveau	O
un	O
petit	O
rire	O
de	O
méchanceté	O
,	O
et	O
Florent	S-PER
s’	O
en	O
alla	O
au	O
milieu	O
des	O
huées	O
,	O
l’	O
air	O
sévère	O
,	O
feignant	O
de	O
ne	O
pas	O
entendre	O
.	O
	
Chaque	O
jour	O
,	O
ce	O
fut	O
une	O
invention	O
nouvelle	O
.	O
	
L’	O
inspecteur	O
ne	O
suivait	O
plus	O
les	O
allées	O
que	O
l’	O
œil	O
aux	O
aguets	O
,	O
comme	O
en	O
pays	O
ennemi	O
.	O
	
Il	O
attrapait	O
les	O
éclaboussures	O
des	O
éponges	O
,	O
manquait	O
de	O
tomber	O
sur	O
des	O
vidures	O
étalées	O
sous	O
ses	O
pieds	O
,	O
recevait	O
les	O
mannes	O
des	O
porteurs	O
dans	O
la	O
nuque	O
.	O
	
Même	O
,	O
un	O
matin	O
,	O
comme	O
deux	O
marchandes	O
se	O
querellaient	O
,	O
et	O
qu’	O
il	O
était	O
accouru	O
,	O
afin	O
d’	O
empêcher	O
la	O
bataille	O
,	O
il	O
dut	O
se	O
baisser	O
pour	O
éviter	O
d’	O
être	O
souffleté	O
sur	O
les	O
deux	O
joues	O
par	O
une	O
pluie	O
de	O
petites	O
limandes	O
,	O
qui	O
volèrent	O
au-dessus	O
de	O
sa	O
tête	O
;	O
	
on	O
rit	O
beaucoup	O
,	O
il	O
crut	O
toujours	O
que	O
les	O
deux	O
marchandes	O
étaient	O
de	O
la	O
conspiration	O
des	B-PER
Méhudin	E-PER
.	O
	
Son	O
ancien	O
métier	O
de	O
professeur	O
crotté	O
l’	O
armait	O
d’	O
une	O
patience	O
angélique	O
;	O
	
il	O
savait	O
garder	O
une	O
froideur	O
magistrale	O
,	O
lorsque	O
la	O
colère	O
montait	O
en	O
lui	O
,	O
et	O
que	O
tout	O
son	O
être	O
saignait	O
d’	O
humiliation	O
.	O
	
Mais	O
jamais	O
les	O
gamins	O
de	O
la	B-LOC
rue	I-LOC
de	I-LOC
l’	I-LOC
estrapade	E-LOC
n’	O
avaient	O
eu	O
cette	O
férocité	O
des	O
dames	O
de	O
la	B-LOC
Halle	E-LOC
,	O
cet	O
acharnement	O
de	O
femmes	O
énormes	O
,	O
dont	O
les	O
ventres	O
et	O
les	O
gorges	O
sautaient	O
d’	O
une	O
joie	O
géante	O
,	O
quand	O
il	O
se	O
laissait	O
prendre	O
à	O
quelque	O
piège	O
.	O
	
Les	O
faces	O
rouges	O
le	O
dévisageaient	O
.	O
	
Dans	O
les	O
inflexions	O
canailles	O
des	O
voix	O
,	O
dans	O
les	O
hanches	O
hautes	O
,	O
les	O
cous	O
gonflés	O
,	O
les	O
dandinements	O
des	O
cuisses	O
,	O
les	O
abandons	O
des	O
mains	O
,	O
il	O
devinait	O
à	O
son	O
adresse	O
tout	O
un	O
flot	O
d’	O
ordures	O
.	O
	
Gavard	S-PER
,	O
au	O
milieu	O
de	O
ces	O
jupes	O
impudentes	O
et	O
fortes	O
d’odeur	O
,	O
se	O
serait	O
pâmé	O
d’aise	O
,	O
quitte	O
à	O
fesser	O
à	O
droite	O
et	O
à	O
gauche	O
,	O
si	O
elles	O
l’	O
avaient	O
serré	O
de	O
trop	O
près	O
.	O
