TOKEN	NE-COARSE-LIT	GOLD	VALIDITY
Vers	NE-COARSE-LIT	O	0
la	O	O	1
fin	O	O	1
de	O	O	1
septembre	O	O	1
,	O	O	1
le	O	S-PER	0
comte	O	O	1
Muffat	B-pers	O	0
,	E-pers	O	0
qui	O	O	1
devait	O	O	1
dîner	O	O	1
chez	O	O	1
Nana	O	S-PER	0
le	S-pers	O	0
soir	O	O	1
,	O	O	1
vint	O	O	1
au	O	O	1
crépuscule	O	O	1
l’	O	O	1
avertir	O	O	1
d’	O	O	1
un	O	O	1
ordre	O	O	1
brusque	O	O	1
qu’	O	O	1
il	O	O	1
avait	O	O	1
reçu	O	O	1
pour	O	O	1
les	O	S-LOC	0
Tuileries	O	O	1
.	S-loc	O	0
L’	O	O	1
hôtel	O	O	1
n’	O	O	1
était	O	O	1
pas	O	O	1
encore	O	O	1
allumé	O	O	1
,	O	O	1
les	O	O	1
domestiques	O	O	1
riaient	O	O	1
très	O	O	1
fort	O	O	1
à	O	O	1
l’	O	O	1
office	O	O	1
;	O	O	1
il	O	O	1
monta	O	O	1
doucement	O	O	1
l’	O	O	1
escalier	O	O	1
,	O	O	1
où	O	O	1
les	O	O	1
vitraux	O	O	1
luisaient	O	O	1
dans	O	O	1
une	O	O	1
ombre	O	O	1
chaude	O	O	1
.	O	O	1
En	O	O	1
haut	O	O	1
,	O	O	1
la	O	O	1
porte	O	O	1
du	O	O	1
salon	O	O	1
ne	O	O	1
fit	O	O	1
pas	O	O	1
de	O	O	1
bruit	O	O	1
.	O	O	1
Un	O	O	1
jour	O	O	1
rose	O	O	1
se	O	O	1
mourait	O	O	1
au	O	O	1
plafond	O	O	1
de	O	O	1
la	O	O	1
pièce	O	O	1
;	O	O	1
les	O	O	1
tentures	O	O	1
rouges	O	O	1
,	O	O	1
les	O	O	1
divans	O	O	1
profonds	O	O	1
,	O	O	1
les	O	O	1
meubles	O	O	1
de	O	O	1
laque	O	O	1
,	O	O	1
ce	O	O	1
fouillis	O	O	1
d’	O	O	1
étoffes	O	O	1
brodées	O	O	1
,	O	O	1
de	O	O	1
bronzes	O	O	1
et	O	O	1
de	O	O	1
faïences	O	O	1
dormaient	O	O	1
déjà	O	O	1
sous	O	O	1
une	O	O	1
pluie	O	O	1
lente	O	O	1
de	O	O	1
ténèbres	O	O	1
,	O	O	1
qui	O	O	1
noyait	O	O	1
les	O	O	1
coins	O	O	1
,	O	O	1
sans	O	O	1
un	O	O	1
miroitement	O	O	1
d’ivoire	O	O	1
,	O	O	1
ni	O	O	1
un	O	O	1
reflet	O	O	1
d’	O	O	1
or	O	O	1
.	O	O	1
Et	O	O	1
là	O	O	1
,	O	O	1
dans	O	O	1
cette	O	O	1
obscurité	O	O	1
,	O	O	1
sur	O	O	1
la	O	O	1
blancheur	O	O	1
seule	O	O	1
distincte	O	O	1
d’	O	O	1
un	O	O	1
grand	O	O	1
jupon	O	O	1
élargi	O	O	1
,	O	O	1
il	O	O	1
aperçut	O	O	1
Nana	O	S-PER	0
renversée	S-pers	O	0
,	O	O	1
aux	O	O	1
bras	O	O	1
de	O	O	1
Georges	O	S-PER	0
.	S-pers	O	0
Toute	O	O	1
dénégation	O	O	1
était	O	O	1
impossible	O	O	1
.	O	O	1
Il	O	O	1
eut	O	O	1
un	O	O	1
cri	O	O	1
étouffé	O	O	1
,	O	O	1
il	O	O	1
resta	O	O	1
béant	O	O	1
.	O	O	1
—	O	O	1
Tu	O	O	1
ne	O	O	1
sais	O	O	1
pas	O	O	1
,	O	O	1
dit	O	O	1
-il	O	O	1
un	O	O	1
soir	O	O	1
,	O	O	1
après	O	O	1
avoir	O	O	1
reçu	O	O	1
des	O	O	1
calottes	O	O	1
,	O	O	1
très	O	O	1
allumé	O	O	1
,	O	O	1
tu	O	O	1
devrais	O	O	1
m’	O	O	1
épouser	O	O	1
…	O	O	1
Hein	O	O	1
?	O	O	1
nous	O	O	1
serions	O	O	1
rigolos	O	O	1
tous	O	O	1
les	O	O	1
deux	O	O	1
!	O	O	1
—	O	O	1
Mon	O	O	1
frère	O	O	1
…	O	O	1
mon	O	O	1
frère	O	O	1
…	O	O	1
—	O	O	1
Ah	O	O	1
!	O	O	1
tu	O	O	1
m’embêtes	O	O	1
à	O	O	1
la	O	O	1
fin	O	O	1
!	O	O	1
dit	O	O	1
Nana	O	S-PER	0
,	S-pers	O	0
qui	O	O	1
s’	O	O	1
était	O	O	1
levée	O	O	1
,	O	O	1
reprise	O	O	1
d’	O	O	1
impatience	O	O	1
.	O	O	1
C’	O	O	1
est	O	O	1
drôle	O	O	1
une	O	O	1
minute	O	O	1
,	O	O	1
mais	O	O	1
quand	O	O	1
je	O	O	1
te	O	O	1
répète	O	O	1
que	O	O	1
je	O	O	1
suis	O	O	1
pressée	O	O	1
!	O	O	1
…	O	O	1
Je	O	O	1
couche	O	O	1
avec	O	O	1
ton	O	O	1
frère	O	O	1
,	O	O	1
si	O	O	1
ça	O	O	1
me	O	O	1
fait	O	O	1
plaisir	O	O	1
.	O	O	1
Est	O	O	1
-ce	O	O	1
que	O	O	1
tu	O	O	1
m’entretiens	O	O	1
,	O	O	1
est	O	O	1
-ce	O	O	1
que	O	O	1
tu	O	O	1
paies	O	O	1
ici	O	O	1
,	O	O	1
pour	O	O	1
exiger	O	O	1
des	O	O	1
comptes	O	O	1
?	O	O	1
…	O	O	1
Oui	O	O	1
,	O	O	1
j’	O	O	1
y	O	O	1
couche	O	O	1
,	O	O	1
avec	O	O	1
ton	O	O	1
frère	O	O	1
…	O	O	1
Elle	O	O	1
avait	O	O	1
pris	O	O	1
une	O	O	1
voix	O	O	1
douce	O	O	1
,	O	O	1
elle	O	O	1
le	O	O	1
blaguait	O	O	1
d’	O	O	1
un	O	O	1
air	O	O	1
de	O	O	1
câlinerie	O	O	1
féroce	O	O	1
.	O	O	1
Lui	O	O	1
,	O	O	1
très	O	O	1
ému	O	O	1
,	O	O	1
se	O	O	1
mit	O	O	1
à	O	O	1
rougir	O	O	1
,	O	O	1
en	O	O	1
lui	O	O	1
rendant	O	O	1
ses	O	O	1
baisers	O	O	1
.	O	O	1
Alors	O	O	1
,	O	O	1
elle	O	O	1
cria	O	O	1
:	O	O	1
Dans	O	O	1
son	O	O	1
luxe	O	O	1
royal	O	O	1
,	O	O	1
la	O	O	1
nouvelle	O	O	1
chambre	O	O	1
resplendissait	O	O	1
.	O	O	1
Des	O	O	1
capitons	O	O	1
d’	O	O	1
argent	O	O	1
semaient	O	O	1
d’	O	O	1
étoiles	O	O	1
vives	O	O	1
le	O	O	1
velours	O	O	1
rose	O	O	1
thé	O	O	1
de	O	O	1
la	O	O	1
tenture	O	O	1
,	O	O	1
de	O	O	1
ce	O	O	1
rose	O	O	1
de	O	O	1
chair	O	O	1
que	O	O	1
le	O	O	1
ciel	O	O	1
prend	O	O	1
par	O	O	1
les	O	O	1
beaux	O	O	1
soirs	O	O	1
,	O	O	1
lorsque	O	O	1
Vénus	O	S-PER	0
s’	O	O	1
allume	O	O	1
à	O	O	1
l’	O	O	1
horizon	O	O	1
,	O	O	1
sur	O	O	1
le	O	O	1
fond	O	O	1
clair	O	O	1
du	O	O	1
jour	O	O	1
qui	O	O	1
se	O	O	1
meurt	O	O	1
;	O	O	1
tandis	O	O	1
que	O	O	1
les	O	O	1
cordelières	O	O	1
d’	O	O	1
or	O	O	1
tombant	O	O	1
des	O	O	1
angles	O	O	1
,	O	O	1
les	O	O	1
dentelles	O	O	1
d’	O	O	1
or	O	O	1
encadrant	O	O	1
les	O	O	1
panneaux	O	O	1
étaient	O	O	1
comme	O	O	1
des	O	O	1
flammes	O	O	1
légères	O	O	1
,	O	O	1
des	O	O	1
chevelures	O	O	1
rousses	O	O	1
dénouées	O	O	1
,	O	O	1
couvrant	O	O	1
à	O	O	1
demi	O	O	1
la	O	O	1
grande	O	O	1
nudité	O	O	1
de	O	O	1
la	O	O	1
pièce	O	O	1
,	O	O	1
dont	O	O	1
elles	O	O	1
rehaussaient	O	O	1
la	O	O	1
pâleur	O	O	1
voluptueuse	O	O	1
.	O	O	1
Puis	O	O	1
,	O	O	1
en	O	O	1
face	O	O	1
,	O	O	1
c’	O	O	1
était	O	O	1
le	O	O	1
lit	O	O	1
d’	O	O	1
or	O	O	1
et	O	O	1
d’	O	O	1
argent	O	O	1
qui	O	O	1
rayonnait	O	O	1
avec	O	O	1
l’	O	O	1
éclat	O	O	1
neuf	O	O	1
de	O	O	1
ses	O	O	1
ciselures	O	O	1
,	O	O	1
un	O	O	1
trône	O	O	1
assez	O	O	1
large	O	O	1
pour	O	O	1
que	O	O	1
Nana	O	S-PER	0
pût	S-pers	O	0
y	O	O	1
étendre	O	O	1
la	O	O	1
royauté	O	O	1
de	O	O	1
ses	O	O	1
membres	O	O	1
nus	O	O	1
,	O	O	1
un	O	O	1
autel	O	O	1
d’	O	O	1
une	O	O	1
richesse	O	O	1
byzantine	O	O	1
,	O	O	1
digne	O	O	1
de	O	O	1
la	O	O	1
toute-puissance	O	O	1
de	O	O	1
son	O	O	1
sexe	O	O	1
,	O	O	1
et	O	O	1
où	O	O	1
elle	O	O	1
l’	O	O	1
étalait	O	O	1
à	O	O	1
cette	O	O	1
heure	O	O	1
même	O	O	1
,	O	O	1
découvert	O	O	1
,	O	O	1
dans	O	O	1
une	O	O	1
religieuse	O	O	1
impudeur	O	O	1
d’	O	O	1
idole	O	O	1
redoutée	O	O	1
.	O	O	1
Et	O	O	1
,	O	O	1
près	O	O	1
d’	O	O	1
elle	O	O	1
,	O	O	1
sous	O	O	1
le	O	O	1
reflet	O	O	1
de	O	O	1
neige	O	O	1
de	O	O	1
sa	O	O	1
gorge	O	O	1
,	O	O	1
au	O	O	1
milieu	O	O	1
de	O	O	1
son	O	O	1
triomphe	O	O	1
de	O	O	1
déesse	O	O	1
,	O	O	1
se	O	O	1
vautrait	O	O	1
une	O	O	1
honte	O	O	1
,	O	O	1
une	O	O	1
décrépitude	O	O	1
,	O	O	1
une	O	O	1
ruine	O	O	1
comique	O	O	1
et	O	O	1
lamentable	O	O	1
,	O	O	1
le	O	O	1
marquis	O	O	1
de	B-pers	O	0
Chouard	I-pers	O	0
en	E-pers	O	0
chemise	O	O	1
.	O	O	1
Le	O	O	1
comte	O	O	1
,	O	O	1
assis	O	O	1
,	O	O	1
les	O	O	1
mains	O	O	1
sur	O	O	1
les	O	O	1
genoux	O	O	1
,	O	O	1
regardait	O	O	1
par	O	O	1
terre	O	O	1
,	O	O	1
dans	O	O	1
l’	O	O	1
hébétement	O	O	1
de	O	O	1
ce	O	O	1
qu’	O	O	1
il	O	O	1
venait	O	O	1
de	O	O	1
voir	O	O	1
.	O	O	1
Il	O	O	1
ne	O	O	1
trouvait	O	O	1
pas	O	O	1
un	O	O	1
cri	O	O	1
de	O	O	1
colère	O	O	1
.	O	O	1
Il	O	O	1
tremblait	O	O	1
,	O	O	1
comme	O	O	1
pris	O	O	1
d’	O	O	1
une	O	O	1
horreur	O	O	1
qui	O	O	1
le	O	O	1
glaçait	O	O	1
.	O	O	1
Cette	O	O	1
douleur	O	O	1
muette	O	O	1
toucha	O	O	1
la	O	O	1
jeune	O	O	1
femme	O	O	1
.	O	O	1
Elle	O	O	1
essayait	O	O	1
de	O	O	1
le	O	O	1
consoler	O	O	1
.	O	O	1
Elle	O	O	1
était	O	O	1
dans	O	O	1
une	O	O	1
satisfaction	O	O	1
d’	O	O	1
orgueil	O	O	1
extraordinaire	O	O	1
.	O	O	1
Les	O	O	1
orfèvres	O	O	1
avaient	O	O	1
dit	O	O	1
que	O	O	1
pas	O	O	1
une	O	O	1
reine	O	O	1
ne	O	O	1
couchait	O	O	1
dans	O	O	1
un	O	O	1
lit	O	O	1
pareil	O	O	1
.	O	O	1
Seulement	O	O	1
,	O	O	1
il	O	O	1
se	O	O	1
présentait	O	O	1
une	O	O	1
complication	O	O	1
.	O	O	1
Labordette	O	S-PER	0
lui	S-pers	O	0
montra	O	O	1
deux	O	O	1
dessins	O	O	1
pour	O	O	1
la	O	O	1
pièce	O	O	1
des	O	O	1
pieds	O	O	1
,	O	O	1
l’	O	O	1
un	O	O	1
qui	O	O	1
reproduisait	O	O	1
le	O	O	1
motif	O	O	1
des	O	O	1
bateaux	O	O	1
,	O	O	1
l’	O	O	1
autre	O	O	1
qui	O	O	1
était	O	O	1
tout	O	O	1
un	O	O	1
sujet	O	O	1
,	O	O	1
la	O	O	1
Nuit	O	O	1
enveloppée	O	O	1
dans	O	O	1
ses	O	O	1
voiles	O	O	1
,	O	O	1
et	O	O	1
dont	O	O	1
un	O	O	1
Faune	O	O	1
découvrait	O	O	1
l’	O	O	1
éclatante	O	O	1
nudité	O	O	1
.	O	O	1
Il	O	O	1
ajouta	O	O	1
que	O	O	1
,	O	O	1
si	O	O	1
elle	O	O	1
choisissait	O	O	1
le	O	O	1
sujet	O	O	1
,	O	O	1
les	O	O	1
orfèvres	O	O	1
avaient	O	O	1
l’	O	O	1
intention	O	O	1
de	O	O	1
donner	O	O	1
à	O	O	1
la	O	O	1
Nuit	O	O	1
sa	O	O	1
ressemblance	O	O	1
.	O	O	1
Cette	O	O	1
idée	O	O	1
,	O	O	1
d’	O	O	1
un	O	O	1
goût	O	O	1
risqué	O	O	1
,	O	O	1
la	O	O	1
fit	O	O	1
pâlir	O	O	1
de	O	O	1
plaisir	O	O	1
.	O	O	1
Elle	O	O	1
se	O	O	1
voyait	O	O	1
en	O	O	1
statuette	O	O	1
d’	O	O	1
argent	O	O	1
,	O	O	1
dans	O	O	1
le	O	O	1
symbole	O	O	1
des	O	O	1
tièdes	O	O	1
voluptés	O	O	1
de	O	O	1
l’	O	O	1
ombre	O	O	1
.	O	O	1
Une	O	O	1
révolte	O	O	1
montait	O	O	1
dans	O	O	1
sa	O	O	1
colère	O	O	1
.	O	O	1
Elle	O	O	1
se	O	O	1
releva	O	O	1
,	O	O	1
elle	O	O	1
essuya	O	O	1
ses	O	O	1
larmes	O	O	1
,	O	O	1
marcha	O	O	1
avec	O	O	1
agitation	O	O	1
.	O	O	1
Et	O	O	1
elle	O	O	1
se	O	O	1
mit	O	O	1
à	O	O	1
pleurer	O	O	1
.	O	O	1
Une	O	O	1
détente	O	O	1
nerveuse	O	O	1
la	O	O	1
rendait	O	O	1
molle	O	O	1
et	O	O	1
dolente	O	O	1
,	O	O	1
très	O	O	1
attendrie	O	O	1
,	O	O	1
avec	O	O	1
un	O	O	1
immense	O	O	1
chagrin	O	O	1
.	O	O	1
C’	O	O	1
était	O	O	1
la	O	O	1
première	O	O	1
fois	O	O	1
qu’	O	O	1
elle	O	O	1
lui	O	O	1
jetait	O	O	1
«	O	O	1
mon	O	O	1
petit	O	O	1
mufe	O	O	1
»	O	O	1
à	O	O	1
la	O	O	1
figure	O	O	1
.	O	O	1
Il	O	O	1
restait	O	O	1
suffoqué	O	O	1
par	O	O	1
la	O	O	1
carrure	O	O	1
de	O	O	1
son	O	O	1
aveu	O	O	1
;	O	O	1
et	O	O	1
,	O	O	1
comme	O	O	1
il	O	O	1
serrait	O	O	1
les	O	O	1
poings	O	O	1
,	O	O	1
elle	O	O	1
marcha	O	O	1
vers	O	O	1
lui	O	O	1
,	O	O	1
le	O	O	1
regarda	O	O	1
en	O	O	1
face	O	O	1
.	O	O	1
—	O	O	1
Eh	O	O	1
bien	O	O	1
!	O	O	1
oui	O	O	1
,	O	O	1
j’	O	O	1
ai	O	O	1
couché	O	O	1
avec	O	O	1
Foucarmont	O	S-PER	0
.	S-pers	O	0
Après	O	O	1
?	O	O	1
…	O	O	1
Hein	O	O	1
?	O	O	1
ça	O	O	1
te	O	O	1
défrise	O	O	1
,	O	O	1
mon	O	O	1
petit	O	O	1
mufe	O	O	1
!	O	O	1
—	O	O	1
Vous	O	O	1
savez	O	O	1
,	O	O	1
madame	O	O	1
,	O	O	1
que	O	O	1
ce	O	O	1
n’	O	O	1
est	O	O	1
pas	O	O	1
parti	O	O	1
.	O	O	1
Ce	O	O	1
qui	O	O	1
étonnait	O	O	1
la	O	O	1
jeune	O	O	1
femme	O	O	1
,	O	O	1
c’	O	O	1
était	O	O	1
,	O	O	1
dans	O	O	1
ce	O	O	1
fleuve	O	O	1
d’	O	O	1
or	O	O	1
,	O	O	1
dont	O	O	1
le	O	O	1
flot	O	O	1
lui	O	O	1
coulait	O	O	1
entre	O	O	1
les	O	O	1
membres	O	O	1
,	O	O	1
d’	O	O	1
être	O	O	1
sans	O	O	1
cesse	O	O	1
à	O	O	1
court	O	O	1
d’	O	O	1
argent	O	O	1
.	O	O	1
Certains	O	O	1
jours	O	O	1
,	O	O	1
elle	O	O	1
se	O	O	1
trouvait	O	O	1
aux	O	O	1
abois	O	O	1
pour	O	O	1
des	O	O	1
sommes	O	O	1
ridicules	O	O	1
de	O	O	1
quelques	O	O	1
louis	O	O	1
.	O	O	1
Il	O	O	1
lui	O	O	1
fallait	O	O	1
emprunter	O	O	1
à	O	O	1
Zoé	O	S-PER	0
,	S-pers	O	0
ou	O	O	1
bien	O	O	1
elle	O	O	1
battait	O	O	1
monnaie	O	O	1
elle-même	O	O	1
,	O	O	1
comme	O	O	1
elle	O	O	1
pouvait	O	O	1
.	O	O	1
Mais	O	O	1
,	O	O	1
avant	O	O	1
de	O	O	1
se	O	O	1
résigner	O	O	1
aux	O	O	1
moyens	O	O	1
extrêmes	O	O	1
,	O	O	1
elle	O	O	1
tâtait	O	O	1
ses	O	O	1
amis	O	O	1
,	O	O	1
tirant	O	O	1
des	O	O	1
hommes	O	O	1
ce	O	O	1
qu’	O	O	1
ils	O	O	1
avaient	O	O	1
sur	O	O	1
eux	O	O	1
,	O	O	1
jusqu’	O	O	1
à	O	O	1
des	O	O	1
sous	O	O	1
,	O	O	1
d’	O	O	1
un	O	O	1
air	O	O	1
de	O	O	1
plaisanterie	O	O	1
.	O	O	1
Depuis	O	O	1
trois	O	O	1
mois	O	O	1
,	O	O	1
elle	O	O	1
vidait	O	O	1
surtout	O	O	1
ainsi	O	O	1
les	O	O	1
poches	O	O	1
de	O	O	1
Philippe	O	S-PER	0
.	S-pers	O	0
Il	O	O	1
ne	O	O	1
venait	O	O	1
plus	O	O	1
,	O	O	1
dans	O	O	1
les	O	O	1
moments	O	O	1
de	O	O	1
crise	O	O	1
,	O	O	1
sans	O	O	1
laisser	O	O	1
son	O	O	1
porte-monnaie	O	O	1
.	O	O	1
Bientôt	O	O	1
,	O	O	1
enhardie	O	O	1
,	O	O	1
elle	O	O	1
lui	O	O	1
avait	O	O	1
demandé	O	O	1
des	O	O	1
emprunts	O	O	1
,	O	O	1
deux	O	O	1
cents	O	O	1
francs	O	O	1
,	O	O	1
trois	O	O	1
cents	O	O	1
francs	O	O	1
,	O	O	1
jamais	O	O	1
davantage	O	O	1
,	O	O	1
pour	O	O	1
des	O	O	1
billets	O	O	1
,	O	O	1
des	O	O	1
dettes	O	O	1
criardes	O	O	1
;	O	O	1
et	O	O	1
Philippe	O	S-PER	0
,	S-pers	O	0
nommé	O	O	1
en	O	O	1
juillet	O	O	1
capitaine	O	O	1
trésorier	O	O	1
,	O	O	1
apportait	O	O	1
l’	O	O	1
argent	O	O	1
le	O	O	1
lendemain	O	O	1
,	O	O	1
en	O	O	1
s’	O	O	1
excusant	O	O	1
de	O	O	1
n’	O	O	1
être	O	O	1
pas	O	O	1
riche	O	O	1
,	O	O	1
car	O	O	1
la	O	O	1
bonne	O	O	1
maman	B-pers	S-PER	0
Hugon	I-pers	O	0
traitait	E-pers	O	0
maintenant	O	O	1
ses	O	O	1
fils	O	O	1
avec	O	O	1
une	O	O	1
sévérité	O	O	1
singulière	O	O	1
.	O	O	1
Au	O	O	1
bout	O	O	1
de	O	O	1
trois	O	O	1
mois	O	O	1
,	O	O	1
ces	O	O	1
petits	O	O	1
prêts	O	O	1
,	O	O	1
souvent	O	O	1
renouvelés	O	O	1
,	O	O	1
montaient	O	O	1
à	O	O	1
une	O	O	1
dizaine	O	O	1
de	O	O	1
mille	O	O	1
francs	O	O	1
.	O	O	1
Le	O	O	1
capitaine	O	O	1
avait	O	O	1
toujours	O	O	1
son	O	O	1
beau	O	O	1
rire	O	O	1
sonore	O	O	1
.	O	O	1
Pourtant	O	O	1
,	O	O	1
il	O	O	1
maigrissait	O	O	1
,	O	O	1
distrait	O	O	1
parfois	O	O	1
,	O	O	1
une	O	O	1
ombre	O	O	1
de	O	O	1
souffrance	O	O	1
sur	O	O	1
la	O	O	1
face	O	O	1
.	O	O	1
Mais	O	O	1
un	O	O	1
regard	O	O	1
de	O	O	1
Nana	O	S-PER	0
le	S-pers	O	0
transfigurait	O	O	1
,	O	O	1
dans	O	O	1
une	O	O	1
sorte	O	O	1
d’	O	O	1
extase	O	O	1
sensuelle	O	O	1
.	O	O	1
Elle	O	O	1
était	O	O	1
très	O	O	1
chatte	O	O	1
avec	O	O	1
lui	O	O	1
,	O	O	1
le	O	O	1
grisait	O	O	1
de	O	O	1
baisers	O	O	1
derrière	O	O	1
les	O	O	1
portes	O	O	1
,	O	O	1
le	O	O	1
possédait	O	O	1
par	O	O	1
des	O	O	1
abandons	O	O	1
brusques	O	O	1
,	O	O	1
qui	O	O	1
le	O	O	1
clouaient	O	O	1
derrière	O	O	1
ses	O	O	1
jupes	O	O	1
,	O	O	1
dès	O	O	1
qu’	O	O	1
il	O	O	1
pouvait	O	O	1
s’	O	O	1
échapper	O	O	1
de	O	O	1
son	O	O	1
service	O	O	1
.	O	O	1
Il	O	O	1
prit	O	O	1
son	O	O	1
chapeau	O	O	1
et	O	O	1
alla	O	O	1
chercher	O	O	1
des	O	O	1
nouvelles	O	O	1
de	O	O	1
Georges	O	S-PER	0
.	S-pers	O	0
Au	O	O	1
bout	O	O	1
de	O	O	1
trois	O	O	1
quarts	O	O	1
d’	O	O	1
heure	O	O	1
,	O	O	1
quand	O	O	1
il	O	O	1
revint	O	O	1
,	O	O	1
il	O	O	1
aperçut	O	O	1
Nana	O	S-PER	0
penchée	S-pers	O	0
anxieusement	O	O	1
à	O	O	1
une	O	O	1
fenêtre	O	O	1
;	O	O	1
et	O	O	1
il	O	O	1
lui	O	O	1
cria	O	O	1
du	O	O	1
trottoir	O	O	1
que	O	O	1
le	O	O	1
petit	O	O	1
n’	O	O	1
était	O	O	1
pas	O	O	1
mort	O	O	1
,	O	O	1
et	O	O	1
qu’	O	O	1
on	O	O	1
espérait	O	O	1
même	O	O	1
le	O	O	1
sauver	O	O	1
.	O	O	1
Alors	O	O	1
,	O	O	1
elle	O	O	1
sauta	O	O	1
tout	O	O	1
de	O	O	1
suite	O	O	1
à	O	O	1
une	O	O	1
grande	O	O	1
joie	O	O	1
;	O	O	1
elle	O	O	1
chantait	O	O	1
,	O	O	1
dansait	O	O	1
,	O	O	1
trouvait	O	O	1
l’	O	O	1
existence	O	O	1
belle	O	O	1
.	O	O	1
Zoé	O	S-PER	0
,	S-pers	O	0
cependant	O	O	1
,	O	O	1
n’	O	O	1
était	O	O	1
pas	O	O	1
contente	O	O	1
de	O	O	1
son	O	O	1
lavage	O	O	1
.	O	O	1
Elle	O	O	1
regardait	O	O	1
toujours	O	O	1
la	O	O	1
tache	O	O	1
,	O	O	1
elle	O	O	1
répétait	O	O	1
chaque	O	O	1
fois	O	O	1
en	O	O	1
passant	O	O	1
:	O	O	1
—	O	O	1
Oh	O	O	1
!	O	O	1
non	O	O	1
,	O	O	1
je	O	O	1
ne	O	O	1
veux	O	O	1
pas	O	O	1
!	O	O	1
…	O	O	1
Oh	O	O	1
!	O	O	1
venez	O	O	1
à	O	O	1
moi	O	O	1
,	O	O	1
mon	O	O	1
Dieu	O	S-PER	0
!	O	O	1
secourez	O	O	1
-moi	O	O	1
,	O	O	1
faites-moi	O	O	1
mourir	O	O	1
plutôt	O	O	1
!	O	O	1
…	O	O	1
Oh	O	O	1
!	O	O	1
non	O	O	1
,	O	O	1
pas	O	O	1
cet	O	O	1
homme	O	O	1
,	O	O	1
mon	O	O	1
Dieu	O	S-PER	0
!	O	O	1
c’	O	O	1
est	O	O	1
fini	O	O	1
,	O	O	1
prenez-moi	O	O	1
,	O	O	1
emportez	O	O	1
-moi	O	O	1
,	O	O	1
que	O	O	1
je	O	O	1
ne	O	O	1
voie	O	O	1
plus	O	O	1
,	O	O	1
que	O	O	1
je	O	O	1
ne	O	O	1
sente	O	O	1
plus	O	O	1
…	O	O	1
Oh	O	O	1
!	O	O	1
je	O	O	1
vous	O	O	1
appartiens	O	O	1
,	O	O	1
mon	O	O	1
Dieu	O	S-PER	0
!	O	O	1
notre	O	S-PER	0
Père	O	O	1
qui	O	O	1
êtes	O	O	1
au	O	O	1
ciel…	O	O	1
—	O	O	1
C’	O	O	1
est	O	O	1
trop	O	O	1
,	O	O	1
mon	O	O	1
Dieu	O	S-PER	0
!	O	O	1
c’	O	O	1
est	O	O	1
trop	O	O	1
.	O	O	1
Il	O	O	1
lui	O	O	1
faisait	O	O	1
peur	O	O	1
.	O	O	1
Il	O	O	1
était	O	O	1
tout	O	O	1
blanc	O	O	1
,	O	O	1
les	O	O	1
yeux	O	O	1
fermés	O	O	1
.	O	O	1
Ça	O	O	1
ne	O	O	1
saignait	O	O	1
presque	O	O	1
pas	O	O	1
,	O	O	1
à	O	O	1
peine	O	O	1
un	O	O	1
peu	O	O	1
de	O	O	1
sang	O	O	1
,	O	O	1
dont	O	O	1
la	O	O	1
tache	O	O	1
mince	O	O	1
se	O	O	1
perdait	O	O	1
sous	O	O	1
le	O	O	1
gilet	O	O	1
.	O	O	1
Elle	O	O	1
se	O	O	1
décidait	O	O	1
à	O	O	1
passer	O	O	1
sur	O	O	1
le	O	O	1
corps	O	O	1
,	O	O	1
lorsqu’	O	O	1
une	O	O	1
apparition	O	O	1
la	O	O	1
fit	O	O	1
reculer	O	O	1
.	O	O	1
En	O	O	1
face	O	O	1
d’	O	O	1
elle	O	O	1
,	O	O	1
par	O	O	1
la	O	O	1
porte	O	O	1
du	O	O	1
salon	O	O	1
restée	O	O	1
grande	O	O	1
ouverte	O	O	1
,	O	O	1
une	O	O	1
vieille	O	O	1
dame	O	O	1
s’	O	O	1
avançait	O	O	1
.	O	O	1
Et	O	O	1
elle	O	O	1
reconnaissait	O	O	1
madame	O	S-PER	0
Hugon	B-pers	O	0
,	E-pers	O	0
terrifiée	O	O	1
,	O	O	1
ne	O	O	1
s’	O	O	1
expliquant	O	O	1
pas	O	O	1
cette	O	O	1
présence	O	O	1
.	O	O	1
Elle	O	O	1
reculait	O	O	1
toujours	O	O	1
,	O	O	1
elle	O	O	1
avait	O	O	1
encore	O	O	1
ses	O	O	1
gants	O	O	1
et	O	O	1
son	O	O	1
chapeau	O	O	1
.	O	O	1
Sa	O	O	1
terreur	O	O	1
devint	O	O	1
telle	O	O	1
,	O	O	1
qu’	O	O	1
elle	O	O	1
se	O	O	1
défendit	O	O	1
,	O	O	1
la	O	O	1
voix	O	O	1
bégayante	O	O	1
.	O	O	1
—	O	O	1
Non	O	O	1
,	O	O	1
dit	O	O	1
le	O	O	1
petit	O	O	1
en	O	O	1
blêmissant	O	O	1
davantage	O	O	1
.	O	O	1
Le	O	O	1
soir	O	O	1
,	O	O	1
il	O	O	1
apporta	O	O	1
les	O	O	1
dix	O	O	1
mille	O	O	1
francs	O	O	1
.	O	O	1
Nana	O	S-PER	0
tendit	S-pers	O	0
les	O	O	1
lèvres	O	O	1
,	O	O	1
il	O	O	1
y	O	O	1
prit	O	O	1
un	O	O	1
long	O	O	1
baiser	O	O	1
,	O	O	1
qui	O	O	1
le	O	O	1
consola	O	O	1
de	O	O	1
toute	O	O	1
sa	O	O	1
journée	O	O	1
d’	O	O	1
angoisse	O	O	1
.	O	O	1
Ce	O	O	1
qui	O	O	1
ennuyait	O	O	1
la	O	O	1
jeune	O	O	1
femme	O	O	1
,	O	O	1
c’	O	O	1
était	O	O	1
de	O	O	1
l’	O	O	1
avoir	O	O	1
sans	O	O	1
cesse	O	O	1
dans	O	O	1
ses	O	O	1
jupes	O	O	1
.	O	O	1
Elle	O	O	1
se	O	O	1
plaignait	O	O	1
à	O	O	1
M.	O	S-PER	0
Venot	B-pers	O	0
,	E-pers	O	0
en	O	O	1
le	O	O	1
suppliant	O	O	1
d’	O	O	1
emmener	O	O	1
son	O	O	1
petit	O	O	1
mufe	O	O	1
chez	O	O	1
la	O	O	1
comtesse	O	O	1
;	O	O	1
ça	O	O	1
ne	O	O	1
servait	O	O	1
donc	O	O	1
à	O	O	1
rien	O	O	1
,	O	O	1
leur	O	O	1
réconciliation	O	O	1
?	O	O	1
et	O	O	1
elle	O	O	1
regrettait	O	O	1
de	O	O	1
s’	O	O	1
être	O	O	1
mêlée	O	O	1
de	O	O	1
ça	O	O	1
,	O	O	1
puisqu’	O	O	1
il	O	O	1
lui	O	O	1
retombait	O	O	1
quand	O	O	1
même	O	O	1
sur	O	O	1
le	O	O	1
dos	O	O	1
.	O	O	1
Les	O	O	1
jours	O	O	1
où	O	O	1
,	O	O	1
de	O	O	1
colère	O	O	1
,	O	O	1
elle	O	O	1
oubliait	O	O	1
ses	O	O	1
intérêts	O	O	1
,	O	O	1
elle	O	O	1
jurait	O	O	1
de	O	O	1
lui	O	O	1
faire	O	O	1
une	O	O	1
telle	O	O	1
saleté	O	O	1
,	O	O	1
qu’	O	O	1
il	O	O	1
ne	O	O	1
pourrait	O	O	1
remettre	O	O	1
les	O	O	1
pieds	O	O	1
chez	O	O	1
elle	O	O	1
.	O	O	1
Mais	O	O	1
,	O	O	1
comme	O	O	1
elle	O	O	1
le	O	O	1
criait	O	O	1
en	O	O	1
se	O	O	1
tapant	O	O	1
sur	O	O	1
les	O	O	1
cuisses	O	O	1
,	O	O	1
elle	O	O	1
aurait	O	O	1
eu	O	O	1
beau	O	O	1
lui	O	O	1
cracher	O	O	1
à	O	O	1
la	O	O	1
figure	O	O	1
,	O	O	1
il	O	O	1
serait	O	O	1
resté	O	O	1
,	O	O	1
en	O	O	1
disant	O	O	1
merci	O	O	1
.	O	O	1
Alors	O	O	1
,	O	O	1
continuellement	O	O	1
,	O	O	1
les	O	O	1
scènes	O	O	1
recommencèrent	O	O	1
pour	O	O	1
l’	O	O	1
argent	O	O	1
.	O	O	1
Elle	O	O	1
en	O	O	1
exigeait	O	O	1
avec	O	O	1
brutalité	O	O	1
,	O	O	1
c’	O	O	1
étaient	O	O	1
des	O	O	1
engueulades	O	O	1
au	O	O	1
sujet	O	O	1
de	O	O	1
sommes	O	O	1
misérables	O	O	1
,	O	O	1
une	O	O	1
avidité	O	O	1
odieuse	O	O	1
de	O	O	1
chaque	O	O	1
minute	O	O	1
,	O	O	1
une	O	O	1
cruauté	O	O	1
à	O	O	1
lui	O	O	1
répéter	O	O	1
qu’	O	O	1
elle	O	O	1
couchait	O	O	1
avec	O	O	1
lui	O	O	1
pour	O	O	1
son	O	O	1
argent	O	O	1
,	O	O	1
pas	O	O	1
pour	O	O	1
autre	O	O	1
chose	O	O	1
,	O	O	1
et	O	O	1
que	O	O	1
ça	O	O	1
ne	O	O	1
l’	O	O	1
amusait	O	O	1
pas	O	O	1
,	O	O	1
et	O	O	1
qu’	O	O	1
elle	O	O	1
en	O	O	1
aimait	O	O	1
un	O	O	1
autre	O	O	1
,	O	O	1
et	O	O	1
qu’	O	O	1
elle	O	O	1
était	O	O	1
bien	O	O	1
malheureuse	O	O	1
d’	O	O	1
avoir	O	O	1
besoin	O	O	1
d’	O	O	1
un	O	O	1
idiot	O	O	1
de	O	O	1
son	O	O	1
espèce	O	O	1
!	O	O	1
On	O	O	1
ne	O	O	1
voulait	O	O	1
même	O	O	1
plus	O	O	1
de	O	O	1
lui	O	O	1
à	O	O	1
la	O	O	1
cour	O	O	1
,	O	O	1
où	O	O	1
l’	O	O	1
on	O	O	1
parlait	O	O	1
d’	O	O	1
exiger	O	O	1
sa	O	O	1
démission	O	O	1
.	O	O	1
L’	O	O	1
impératrice	O	O	1
avait	O	O	1
dit	O	O	1
:	O	O	1
«	O	O	1
Il	O	O	1
est	O	O	1
trop	O	O	1
dégoûtant	O	O	1
.	O	O	1
»	O	O	1
Ça	O	O	1
,	O	O	1
c’	O	O	1
était	O	O	1
bien	O	O	1
vrai	O	O	1
.	O	O	1
Aussi	O	O	1
Nana	O	S-PER	0
répétait	S-pers	O	0
le	O	O	1
mot	O	O	1
,	O	O	1
pour	O	O	1
clore	O	O	1
toutes	O	O	1
leurs	O	O	1
querelles	O	O	1
.	O	O	1
Nana	O	S-PER	0
,	S-pers	O	0
en	O	O	1
quelques	O	O	1
mois	O	O	1
,	O	O	1
les	O	O	1
mangea	O	O	1
goulûment	O	O	1
,	O	O	1
les	O	O	1
uns	O	O	1
après	O	O	1
les	O	O	1
autres	O	O	1
.	O	O	1
Les	O	O	1
besoins	O	O	1
croissants	O	O	1
de	O	O	1
son	O	O	1
luxe	O	O	1
enrageaient	O	O	1
ses	O	O	1
appétits	O	O	1
,	O	O	1
elle	O	O	1
nettoyait	O	O	1
un	O	O	1
homme	O	O	1
d’	O	O	1
un	O	O	1
coup	O	O	1
de	O	O	1
dent	O	O	1
.	O	O	1
D’	O	O	1
abord	O	O	1
,	O	O	1
elle	O	O	1
eut	O	O	1
Foucarmont	O	S-PER	0
qui	S-pers	O	0
ne	O	O	1
dura	O	O	1
pas	O	O	1
quinze	O	O	1
jours	O	O	1
.	O	O	1
Il	O	O	1
rêvait	O	O	1
de	O	O	1
quitter	O	O	1
la	O	O	1
marine	O	O	1
,	O	O	1
il	O	O	1
avait	O	O	1
amassé	O	O	1
en	O	O	1
dix	O	O	1
années	O	O	1
de	O	O	1
voyages	O	O	1
une	O	O	1
trentaine	O	O	1
de	O	O	1
mille	O	O	1
francs	O	O	1
qu’	O	O	1
il	O	O	1
voulait	O	O	1
risquer	O	O	1
aux	O	S-LOC	0
États-Unis	O	O	1
;	S-loc	O	0
et	O	O	1
ses	O	O	1
instincts	O	O	1
de	O	O	1
prudence	O	O	1
,	O	O	1
d’	O	O	1
avarice	O	O	1
même	O	O	1
,	O	O	1
furent	O	O	1
emportés	O	O	1
,	O	O	1
il	O	O	1
donna	O	O	1
tout	O	O	1
,	O	O	1
jusqu’	O	O	1
à	O	O	1
des	O	O	1
signatures	O	O	1
sur	O	O	1
des	O	O	1
billets	O	O	1
de	O	O	1
complaisance	O	O	1
,	O	O	1
engageant	O	O	1
son	O	O	1
avenir	O	O	1
.	O	O	1
Lorsque	O	O	1
Nana	O	S-PER	0
le	S-pers	O	0
poussa	O	O	1
dehors	O	O	1
,	O	O	1
il	O	O	1
était	O	O	1
nu	O	O	1
.	O	O	1
D’	O	O	1
ailleurs	O	O	1
,	O	O	1
elle	O	O	1
se	O	O	1
montra	O	O	1
très	O	O	1
bonne	O	O	1
,	O	O	1
elle	O	O	1
lui	O	O	1
conseilla	O	O	1
de	O	O	1
retourner	O	O	1
sur	O	O	1
son	O	O	1
bateau	O	O	1
.	O	O	1
À	O	O	1
quoi	O	O	1
bon	O	O	1
s’	O	O	1
entêter	O	O	1
?	O	O	1
Puisqu’	O	O	1
il	O	O	1
n’	O	O	1
avait	O	O	1
pas	O	O	1
d’	O	O	1
argent	O	O	1
,	O	O	1
ce	O	O	1
n’	O	O	1
était	O	O	1
plus	O	O	1
possible	O	O	1
.	O	O	1
Il	O	O	1
devait	O	O	1
comprendre	O	O	1
et	O	O	1
se	O	O	1
montrer	O	O	1
raisonnable	O	O	1
.	O	O	1
Un	O	O	1
homme	O	O	1
ruiné	O	O	1
tombait	O	O	1
de	O	O	1
ses	O	O	1
mains	O	O	1
comme	O	O	1
un	O	O	1
fruit	O	O	1
mûr	O	O	1
,	O	O	1
pour	O	O	1
se	O	O	1
pourrir	O	O	1
à	O	O	1
terre	O	O	1
,	O	O	1
de	O	O	1
lui-même	O	O	1
.	O	O	1
Il	O	O	1
était	O	O	1
devenu	O	O	1
pâle	O	O	1
;	O	O	1
puis	O	O	1
,	O	O	1
en	O	O	1
lui	O	O	1
mettant	O	O	1
un	O	O	1
dernier	O	O	1
baiser	O	O	1
sur	O	O	1
le	O	O	1
front	O	O	1
,	O	O	1
il	O	O	1
dit	O	O	1
simplement	O	O	1
:	O	O	1
—	O	O	1
Alors	O	O	1
,	O	O	1
je	O	O	1
le	O	O	1
souffletterai	O	O	1
en	O	O	1
pleine	O	O	1
rue	O	O	1
.	O	O	1
Depuis	O	O	1
un	O	O	1
instant	O	O	1
,	O	O	1
la	O	O	1
femme	O	O	1
de	O	O	1
chambre	O	O	1
,	O	O	1
qui	O	O	1
avait	O	O	1
pris	O	O	1
dans	O	O	1
le	O	O	1
cabinet	O	O	1
une	O	O	1
serviette	O	O	1
et	O	O	1
une	O	O	1
cuvette	O	O	1
d’	O	O	1
eau	O	O	1
,	O	O	1
frottait	O	O	1
le	O	O	1
tapis	O	O	1
pour	O	O	1
enlever	O	O	1
une	O	O	1
tache	O	O	1
de	O	O	1
sang	O	O	1
,	O	O	1
pendant	O	O	1
que	O	O	1
c’	O	O	1
était	O	O	1
frais	O	O	1
.	O	O	1
Labordette	O	S-PER	0
et	S-pers	O	0
Mignon	O	S-PER	0
eurent	S-pers	O	0
un	O	O	1
sourire	O	O	1
.	O	O	1
Elle	O	O	1
n’	O	O	1
était	O	O	1
plus	O	O	1
triste	O	O	1
,	O	O	1
elle	O	O	1
sourit	O	O	1
également	O	O	1
,	O	O	1
car	O	O	1
ils	O	O	1
ne	O	O	1
comptaient	O	O	1
pas	O	O	1
,	O	O	1
ces	O	O	1
deux	O	O	1
-là	O	O	1
,	O	O	1
ils	O	O	1
pouvaient	O	O	1
comprendre	O	O	1
.	O	O	1
Et	O	O	1
tous	O	O	1
deux	O	O	1
l’	O	O	1
admiraient	O	O	1
,	O	O	1
dans	O	O	1
un	O	O	1
silence	O	O	1
recueilli	O	O	1
,	O	O	1
tandis	O	O	1
qu’	O	O	1
elle	O	O	1
achevait	O	O	1
de	O	O	1
boutonner	O	O	1
ses	O	O	1
gants	O	O	1
.	O	O	1
Elle	O	O	1
demeurait	O	O	1
seule	O	O	1
debout	O	O	1
,	O	O	1
au	O	O	1
milieu	O	O	1
des	O	O	1
richesses	O	O	1
entassées	O	O	1
de	O	O	1
son	O	O	1
hôtel	O	O	1
,	O	O	1
avec	O	O	1
un	O	O	1
peuple	O	O	1
d’	O	O	1
hommes	O	O	1
abattus	O	O	1
à	O	O	1
ses	O	O	1
pieds	O	O	1
.	O	O	1
Comme	O	O	1
ces	O	O	1
monstres	O	O	1
antiques	O	O	1
dont	O	O	1
le	O	O	1
domaine	O	O	1
redouté	O	O	1
était	O	O	1
couvert	O	O	1
d’	O	O	1
ossements	O	O	1
,	O	O	1
elle	O	O	1
posait	O	O	1
les	O	O	1
pieds	O	O	1
sur	O	O	1
des	O	O	1
crânes	O	O	1
;	O	O	1
et	O	O	1
des	O	O	1
catastrophes	O	O	1
l’	O	O	1
entouraient	O	O	1
,	O	O	1
la	O	O	1
flambée	O	O	1
furieuse	O	O	1
de	O	O	1
Vandeuvres	O	S-PER	0
,	S-loc	O	0
la	O	O	1
mélancolie	O	O	1
de	O	O	1
Foucarmont	O	S-PER	0
perdu	S-pers	O	0
dans	O	O	1
les	O	S-LOC	0
mers	O	O	1
de	O	O	1
la	O	O	1
Chine	O	O	1
,	S-loc	O	0
le	O	O	1
désastre	O	O	1
de	O	O	1
Steiner	O	S-PER	0
réduit	S-pers	O	0
à	O	O	1
vivre	O	O	1
en	O	O	1
honnête	O	O	1
homme	O	O	1
,	O	O	1
l’	O	O	1
imbécillité	O	O	1
satisfaite	O	O	1
de	O	O	1
la	O	S-PER	0
Faloise	O	O	1
,	S-loc	O	0
et	O	O	1
le	O	O	1
tragique	O	O	1
effondrement	O	O	1
des	O	S-PER	0
Muffat	O	O	1
,	S-pers	O	0
et	O	O	1
le	O	O	1
blanc	O	O	1
cadavre	O	O	1
de	O	O	1
Georges	O	S-PER	0
,	S-pers	O	0
veillé	O	O	1
par	O	O	1
Philippe	O	S-PER	0
,	S-pers	O	0
sorti	O	O	1
la	O	O	1
veille	O	O	1
de	O	O	1
prison	O	O	1
.	O	O	1
Son	O	O	1
œuvre	O	O	1
de	O	O	1
ruine	O	O	1
et	O	O	1
de	O	O	1
mort	O	O	1
était	O	O	1
faite	O	O	1
,	O	O	1
la	O	O	1
mouche	O	O	1
envolée	O	O	1
de	O	O	1
l’	O	O	1
ordure	O	O	1
des	O	O	1
faubourgs	O	O	1
,	O	O	1
apportant	O	O	1
le	O	O	1
ferment	O	O	1
des	O	O	1
pourritures	O	O	1
sociales	O	O	1
,	O	O	1
avait	O	O	1
empoisonné	O	O	1
ces	O	O	1
hommes	O	O	1
,	O	O	1
rien	O	O	1
qu’	O	O	1
à	O	O	1
se	O	O	1
poser	O	O	1
sur	O	O	1
eux	O	O	1
.	O	O	1
C’	O	O	1
était	O	O	1
bien	O	O	1
,	O	O	1
c’	O	O	1
était	O	O	1
juste	O	O	1
,	O	O	1
elle	O	O	1
avait	O	O	1
vengé	O	O	1
son	O	O	1
monde	O	O	1
,	O	O	1
les	O	O	1
gueux	O	O	1
et	O	O	1
les	O	O	1
abandonnés	O	O	1
.	O	O	1
Et	O	O	1
tandis	O	O	1
que	O	O	1
,	O	O	1
dans	O	O	1
une	O	O	1
gloire	O	O	1
,	O	O	1
son	O	O	1
sexe	O	O	1
montait	O	O	1
et	O	O	1
rayonnait	O	O	1
sur	O	O	1
ses	O	O	1
victimes	O	O	1
étendues	O	O	1
,	O	O	1
pareil	O	O	1
à	O	O	1
un	O	O	1
soleil	O	O	1
levant	O	O	1
qui	O	O	1
éclaire	O	O	1
un	O	O	1
champ	O	O	1
de	O	O	1
carnage	O	O	1
,	O	O	1
elle	O	O	1
gardait	O	O	1
son	O	O	1
inconscience	O	O	1
de	O	O	1
bête	O	O	1
superbe	O	O	1
,	O	O	1
ignorante	O	O	1
de	O	O	1
sa	O	O	1
besogne	O	O	1
,	O	O	1
bonne	O	O	1
fille	O	O	1
toujours	O	O	1
.	O	O	1
Elle	O	O	1
restait	O	O	1
grosse	O	O	1
,	O	O	1
elle	O	O	1
restait	O	O	1
grasse	O	O	1
,	O	O	1
d’	O	O	1
une	O	O	1
belle	O	O	1
santé	O	O	1
,	O	O	1
d’	O	O	1
une	O	O	1
belle	O	O	1
gaieté	O	O	1
.	O	O	1
Tout	O	O	1
ça	O	O	1
ne	O	O	1
comptait	O	O	1
plus	O	O	1
,	O	O	1
son	O	O	1
hôtel	O	O	1
lui	O	O	1
semblait	O	O	1
idiot	O	O	1
,	O	O	1
trop	O	O	1
petit	O	O	1
,	O	O	1
plein	O	O	1
de	O	O	1
meubles	O	O	1
qui	O	O	1
la	O	O	1
gênaient	O	O	1
.	O	O	1
Une	O	O	1
misère	O	O	1
,	O	O	1
simplement	O	O	1
histoire	O	O	1
de	O	O	1
commencer	O	O	1
.	O	O	1
Aussi	O	O	1
rêvait	O	O	1
-elle	O	O	1
quelque	O	O	1
chose	O	O	1
de	O	O	1
mieux	O	O	1
;	O	O	1
et	O	O	1
elle	O	O	1
partit	O	O	1
en	O	O	1
grande	O	O	1
toilette	O	O	1
pour	O	O	1
embrasser	O	O	1
Satin	O	S-PER	0
une	O	O	1
dernière	O	O	1
fois	O	O	1
,	O	O	1
propre	O	O	1
,	O	O	1
solide	O	O	1
,	O	O	1
l’	O	O	1
air	O	O	1
tout	O	O	1
neuf	O	O	1
,	O	O	1
comme	O	O	1
si	O	O	1
elle	O	O	1
n’	O	O	1
avait	O	O	1
pas	O	O	1
servi	O	O	1
.	O	O	1
Elle	O	O	1
se	O	O	1
montait	O	O	1
.	O	O	1
Puis	O	O	1
,	O	O	1
elle	O	O	1
éclata	O	O	1
avec	O	O	1
une	O	O	1
belle	O	O	1
indignation	O	O	1
:	O	O	1
Elle	O	O	1
riait	O	O	1
.	O	O	1
Puis	O	O	1
,	O	O	1
le	O	O	1
prenant	O	O	1
,	O	O	1
le	O	O	1
baisant	O	O	1
au	O	O	1
front	O	O	1
:	O	O	1
—	O	O	1
Mais	O	O	1
,	O	O	1
mon	O	O	1
pauvre	O	O	1
chien	O	O	1
,	O	O	1
tu	O	O	1
es	O	O	1
malade	O	O	1
!	O	O	1
…	O	O	1
Est	O	O	1
-ce	O	O	1
parce	O	O	1
que	O	O	1
je	O	O	1
te	O	O	1
demande	O	O	1
dix	O	O	1
louis	O	O	1
que	O	O	1
tu	O	O	1
m’	O	O	1
offres	O	O	1
ta	O	O	1
main	O	O	1
?…	O	O	1
Jamais	O	O	1
.	O	O	1
Je	O	O	1
t’aime	O	O	1
trop	O	O	1
.	O	O	1
En	O	O	1
voilà	O	O	1
une	O	O	1
bêtise	O	O	1
,	O	O	1
par	O	O	1
exemple	O	O	1
!	O	O	1
Il	O	O	1
la	O	O	1
suivait	O	O	1
,	O	O	1
pendant	O	O	1
qu’	O	O	1
elle	O	O	1
se	O	O	1
dirigeait	O	O	1
vers	O	O	1
la	O	O	1
chambre	O	O	1
.	O	O	1
Puis	O	O	1
,	O	O	1
la	O	O	1
gorge	O	O	1
serrée	O	O	1
depuis	O	O	1
le	O	O	1
matin	O	O	1
,	O	O	1
elle	O	O	1
éclata	O	O	1
en	O	O	1
sanglots	O	O	1
,	O	O	1
elle	O	O	1
se	O	O	1
soulagea	O	O	1
.	O	O	1
C’	O	O	1
était	O	O	1
une	O	O	1
tristesse	O	O	1
infinie	O	O	1
,	O	O	1
quelque	O	O	1
chose	O	O	1
de	O	O	1
profond	O	O	1
et	O	O	1
d’	O	O	1
immense	O	O	1
dont	O	O	1
elle	O	O	1
se	O	O	1
sentait	O	O	1
accablée	O	O	1
.	O	O	1
Labordette	O	S-PER	0
ayant	S-pers	O	0
voulu	O	O	1
la	O	O	1
consoler	O	O	1
au	O	O	1
sujet	O	O	1
de	O	O	1
Georges	O	S-PER	0
,	S-pers	O	0
elle	O	O	1
le	O	O	1
fit	O	O	1
taire	O	O	1
de	O	O	1
la	O	O	1
main	O	O	1
,	O	O	1
en	O	O	1
bégayant	O	O	1
:	O	O	1
—	O	O	1
Madame	O	O	1
,	O	O	1
ce	O	O	1
n’	O	O	1
est	O	O	1
pas	O	O	1
moi	O	O	1
,	O	O	1
je	O	O	1
vous	O	O	1
jure	O	O	1
…	O	O	1
Il	O	O	1
voulait	O	O	1
m’	O	O	1
épouser	O	O	1
,	O	O	1
j’	O	O	1
ai	O	O	1
dit	O	O	1
non	O	O	1
,	O	O	1
et	O	O	1
il	O	O	1
s’	O	O	1
est	O	O	1
tué	O	O	1
.	O	O	1
Nana	O	S-PER	0
déjeuna	S-pers	O	0
fort	O	O	1
mal	O	O	1
,	O	O	1
vexée	O	O	1
de	O	O	1
cette	O	O	1
scène	O	O	1
.	O	O	1
Cette	O	O	1
fois	O	O	1
,	O	O	1
il	O	O	1
fallait	O	O	1
se	O	O	1
débarrasser	O	O	1
de	O	O	1
cet	O	O	1
homme	O	O	1
.	O	O	1
À	O	O	1
dix	O	O	1
reprises	O	O	1
,	O	O	1
elle	O	O	1
avait	O	O	1
mis	O	O	1
de	O	O	1
côté	O	O	1
son	O	O	1
argent	O	O	1
;	O	O	1
mais	O	O	1
l’	O	O	1
argent	O	O	1
s’	O	O	1
était	O	O	1
toujours	O	O	1
fondu	O	O	1
,	O	O	1
un	O	O	1
jour	O	O	1
pour	O	O	1
des	O	O	1
fleurs	O	O	1
,	O	O	1
un	O	O	1
autre	O	O	1
jour	O	O	1
pour	O	O	1
une	O	O	1
souscription	O	O	1
faite	O	O	1
en	O	O	1
faveur	O	O	1
d’	O	O	1
un	O	O	1
vieux	O	O	1
gendarme	O	O	1
.	O	O	1
D’	O	O	1
ailleurs	O	O	1
,	O	O	1
elle	O	O	1
comptait	O	O	1
sur	O	O	1
Philippe	O	S-PER	0
,	S-pers	O	0
elle	O	O	1
s’	O	O	1
étonnait	O	O	1
même	O	O	1
de	O	O	1
ne	O	O	1
pas	O	O	1
le	O	O	1
voir	O	O	1
,	O	O	1
avec	O	O	1
ses	O	O	1
deux	O	O	1
cents	O	O	1
francs	O	O	1
.	O	O	1
C’	O	O	1
était	O	O	1
un	O	O	1
vrai	O	O	1
guignon	O	O	1
,	O	O	1
l’	O	O	1
avant-veille	O	O	1
elle	O	O	1
avait	O	O	1
encore	O	O	1
nippé	O	O	1
Satin	O	S-PER	0
,	O	O	1
tout	O	O	1
un	O	O	1
trousseau	O	O	1
,	O	O	1
près	O	O	1
de	O	O	1
douze	O	O	1
cents	O	O	1
francs	O	O	1
de	O	O	1
robes	O	O	1
et	O	O	1
de	O	O	1
linge	O	O	1
;	O	O	1
et	O	O	1
il	O	O	1
ne	O	O	1
lui	O	O	1
restait	O	O	1
pas	O	O	1
un	O	O	1
louis	O	O	1
chez	O	O	1
elle	O	O	1
.	O	O	1
Elle	O	O	1
s’	O	O	1
était	O	O	1
remise	O	O	1
à	O	O	1
marcher	O	O	1
,	O	O	1
elle	O	O	1
appliqua	O	O	1
un	O	O	1
violent	O	O	1
coup	O	O	1
de	O	O	1
poing	O	O	1
sur	O	O	1
un	O	O	1
guéridon	O	O	1
.	O	O	1
Il	O	O	1
l’	O	O	1
écoutait	O	O	1
dans	O	O	1
une	O	O	1
angoisse	O	O	1
qui	O	O	1
le	O	O	1
raidissait	O	O	1
,	O	O	1
sans	O	O	1
une	O	O	1
révolte	O	O	1
.	O	O	1
Chaque	O	O	1
parole	O	O	1
le	O	O	1
frappait	O	O	1
au	O	O	1
cœur	O	O	1
,	O	O	1
d’	O	O	1
un	O	O	1
grand	O	O	1
coup	O	O	1
,	O	O	1
dont	O	O	1
il	O	O	1
se	O	O	1
sentait	O	O	1
mourir	O	O	1
.	O	O	1
Elle	O	O	1
,	O	O	1
ne	O	O	1
voyant	O	O	1
même	O	O	1
pas	O	O	1
sa	O	O	1
souffrance	O	O	1
,	O	O	1
continuait	O	O	1
,	O	O	1
heureuse	O	O	1
de	O	O	1
se	O	O	1
soulager	O	O	1
sur	O	O	1
lui	O	O	1
de	O	O	1
ses	O	O	1
embêtements	O	O	1
de	O	O	1
la	O	O	1
matinée	O	O	1
.	O	O	1
Il	O	O	1
y	O	O	1
eut	O	O	1
des	O	O	1
courses	O	O	1
dans	O	O	1
l’	O	O	1
hôtel	O	O	1
;	O	O	1
des	O	O	1
rires	O	O	1
s’	O	O	1
éteignirent	O	O	1
,	O	O	1
des	O	O	1
portes	O	O	1
se	O	O	1
fermèrent	O	O	1
.	O	O	1
Georges	O	S-PER	0
entendit	S-pers	O	0
Nana	O	S-PER	0
qui	S-pers	O	0
payait	O	O	1
le	O	O	1
boulanger	O	O	1
,	O	O	1
d’	O	O	1
une	O	O	1
voix	O	O	1
brève	O	O	1
.	O	O	1
Puis	O	O	1
,	O	O	1
elle	O	O	1
monta	O	O	1
.	O	O	1
En	O	O	1
effet	O	O	1
,	O	O	1
chacun	O	O	1
de	O	O	1
ces	O	O	1
messieurs	O	O	1
,	O	O	1
Foucarmont	O	S-PER	0
,	S-pers	O	0
Steiner	O	S-PER	0
,	S-pers	O	0
la	O	S-PER	0
Faloise	O	O	1
,	S-loc	O	0
Fauchery	O	S-PER	0
,	S-pers	O	0
avait	O	O	1
emporté	O	O	1
un	O	O	1
peu	O	O	1
de	O	O	1
la	O	O	1
tache	O	O	1
à	O	O	1
ses	O	O	1
semelles	O	O	1
.	O	O	1
Et	O	O	1
Muffat	O	S-PER	0
,	S-pers	O	0
que	O	O	1
le	O	O	1
trait	O	O	1
de	O	O	1
sang	O	O	1
préoccupait	O	O	1
comme	O	O	1
Zoé	O	S-PER	0
,	S-pers	O	0
l’	O	O	1
étudiait	O	O	1
malgré	O	O	1
lui	O	O	1
,	O	O	1
pour	O	O	1
lire	O	O	1
,	O	O	1
dans	O	O	1
son	O	O	1
effacement	O	O	1
de	O	O	1
plus	O	O	1
en	O	O	1
plus	O	O	1
rose	O	O	1
,	O	O	1
le	O	O	1
nombre	O	O	1
d’	O	O	1
hommes	O	O	1
qui	O	O	1
passaient	O	O	1
.	O	O	1
Il	O	O	1
en	O	O	1
avait	O	O	1
une	O	O	1
sourde	O	O	1
peur	O	O	1
,	O	O	1
toujours	O	O	1
il	O	O	1
l’	O	O	1
enjambait	O	O	1
,	O	O	1
par	O	O	1
une	O	O	1
crainte	O	O	1
brusque	O	O	1
d’	O	O	1
écraser	O	O	1
quelque	O	O	1
chose	O	O	1
de	O	O	1
vivant	O	O	1
,	O	O	1
un	O	O	1
membre	O	O	1
nu	O	O	1
étalé	O	O	1
par	O	O	1
terre	O	O	1
.	O	O	1
Maintenant	O	O	1
,	O	O	1
avec	O	O	1
ses	O	O	1
intimes	O	O	1
,	O	O	1
elle	O	O	1
appelait	O	O	1
ainsi	O	O	1
le	O	S-PER	0
comte	O	O	1
Muffat	B-pers	O	0
;	E-pers	O	0
et	O	O	1
ces	O	O	1
messieurs	O	O	1
ne	O	O	1
la	O	O	1
questionnaient	O	O	1
plus	O	O	1
sur	O	O	1
lui	O	O	1
autrement	O	O	1
:	O	O	1
«	O	O	1
Tu	O	O	1
as	O	O	1
vu	O	O	1
ton	O	O	1
petit	O	O	1
mufe	O	O	1
hier	O	O	1
soir	O	O	1
?	O	O	1
…	O	O	1
Tiens	O	O	1
!	O	O	1
je	O	O	1
croyais	O	O	1
trouver	O	O	1
ici	O	O	1
le	O	O	1
petit	O	O	1
mufe	O	O	1
?	O	O	1
»	O	O	1
Une	O	O	1
simple	O	O	1
familiarité	O	O	1
que	O	O	1
pourtant	O	O	1
elle	O	O	1
ne	O	O	1
se	O	O	1
permettait	O	O	1
pas	O	O	1
encore	O	O	1
en	O	O	1
sa	O	O	1
présence	O	O	1
.	O	O	1
Cependant	O	O	1
,	O	O	1
les	O	O	1
orfèvres	O	O	1
avaient	O	O	1
manqué	O	O	1
de	O	O	1
parole	O	O	1
,	O	O	1
le	O	O	1
lit	O	O	1
ne	O	O	1
fut	O	O	1
livré	O	O	1
que	O	O	1
vers	O	O	1
le	O	O	1
milieu	O	O	1
de	O	O	1
janvier	O	O	1
.	O	O	1
Muffat	O	S-PER	0
justement	S-pers	O	0
se	O	O	1
trouvait	O	O	1
en	O	O	1
Normandie	O	S-LOC	0
,	S-loc	O	0
où	O	O	1
il	O	O	1
était	O	O	1
allé	O	O	1
pour	O	O	1
vendre	O	O	1
une	O	O	1
dernière	O	O	1
épave	O	O	1
;	O	O	1
Nana	O	S-PER	0
exigeait	S-pers	O	0
quatre	O	O	1
mille	O	O	1
francs	O	O	1
tout	O	O	1
de	O	O	1
suite	O	O	1
.	O	O	1
Il	O	O	1
ne	O	O	1
devait	O	O	1
revenir	O	O	1
que	O	O	1
le	O	O	1
surlendemain	O	O	1
;	O	O	1
mais	O	O	1
,	O	O	1
ayant	O	O	1
terminé	O	O	1
l’	O	O	1
affaire	O	O	1
,	O	O	1
il	O	O	1
hâta	O	O	1
son	O	O	1
retour	O	O	1
,	O	O	1
et	O	O	1
,	O	O	1
sans	O	O	1
même	O	O	1
passer	O	O	1
rue	O	S-LOC	0
Miromesnil	B-loc	O	0
,	E-loc	O	0
se	O	O	1
rendit	O	O	1
avenue	O	S-LOC	0
de	B-loc	O	0
Villiers	I-loc	O	0
.	E-loc	O	0
Dix	O	O	1
heures	O	O	1
sonnaient	O	O	1
.	O	O	1
Comme	O	O	1
il	O	O	1
avait	O	O	1
une	O	O	1
clef	O	O	1
d’	O	O	1
une	O	O	1
petite	O	O	1
porte	O	O	1
ouvrant	O	O	1
sur	O	O	1
la	O	S-LOC	0
rue	O	O	1
Cardinet	B-loc	O	0
,	E-loc	O	0
il	O	O	1
monta	O	O	1
librement	O	O	1
.	O	O	1
En	O	O	1
haut	O	O	1
,	O	O	1
dans	O	O	1
le	O	O	1
salon	O	O	1
,	O	O	1
Zoé	O	S-PER	0
,	S-pers	O	0
qui	O	O	1
essuyait	O	O	1
les	O	O	1
bronzes	O	O	1
,	O	O	1
resta	O	O	1
saisie	O	O	1
;	O	O	1
et	O	O	1
,	O	O	1
ne	O	O	1
sachant	O	O	1
comment	O	O	1
l’	O	O	1
arrêter	O	O	1
,	O	O	1
elle	O	O	1
se	O	O	1
mit	O	O	1
à	O	O	1
lui	O	O	1
conter	O	O	1
en	O	O	1
longues	O	O	1
phrases	O	O	1
que	O	O	1
M.	O	S-PER	0
Venot	B-pers	O	0
,	E-pers	O	0
l’	O	O	1
air	O	O	1
bouleversé	O	O	1
,	O	O	1
le	O	O	1
cherchait	O	O	1
depuis	O	O	1
la	O	O	1
veille	O	O	1
,	O	O	1
qu’	O	O	1
il	O	O	1
était	O	O	1
déjà	O	O	1
venu	O	O	1
deux	O	O	1
fois	O	O	1
la	O	O	1
supplier	O	O	1
de	O	O	1
renvoyer	O	O	1
monsieur	O	O	1
chez	O	O	1
lui	O	O	1
,	O	O	1
si	O	O	1
monsieur	O	O	1
descendait	O	O	1
d’	O	O	1
abord	O	O	1
chez	O	O	1
madame	O	S-PER	0
.	O	O	1
Muffat	O	O	1
l’	S-pers	O	0
écoutait	O	O	1
,	O	O	1
ne	O	O	1
comprenant	O	O	1
rien	O	O	1
à	O	O	1
cette	O	O	1
histoire	O	O	1
;	O	O	1
puis	O	O	1
,	O	O	1
il	O	O	1
remarqua	O	O	1
son	O	O	1
trouble	O	O	1
,	O	O	1
et	O	O	1
,	O	O	1
pris	O	O	1
tout	O	O	1
à	O	O	1
coup	O	O	1
d’	O	O	1
une	O	O	1
rage	O	O	1
jalouse	O	O	1
,	O	O	1
dont	O	O	1
il	O	O	1
ne	O	O	1
se	O	O	1
croyait	O	O	1
plus	O	O	1
capable	O	O	1
,	O	O	1
il	O	O	1
se	O	O	1
jeta	O	O	1
dans	O	O	1
la	O	O	1
porte	O	O	1
de	O	O	1
la	O	O	1
chambre	O	O	1
,	O	O	1
où	O	O	1
il	O	O	1
entendait	O	O	1
des	O	O	1
rires	O	O	1
.	O	O	1
La	O	O	1
porte	O	O	1
céda	O	O	1
,	O	O	1
les	O	O	1
deux	O	O	1
battants	O	O	1
volèrent	O	O	1
,	O	O	1
pendant	O	O	1
que	O	O	1
Zoé	O	S-PER	0
se	S-pers	O	0
retirait	O	O	1
avec	O	O	1
un	O	O	1
haussement	O	O	1
d’	O	O	1
épaules	O	O	1
.	O	O	1
Tant	O	O	1
pis	O	O	1
!	O	O	1
puisque	O	O	1
madame	O	O	1
devenait	O	O	1
folle	O	O	1
,	O	O	1
madame	O	O	1
s’	O	O	1
arrangerait	O	O	1
toute	O	O	1
seule	O	O	1
.	O	O	1
Il	O	O	1
lui	O	O	1
avait	O	O	1
saisi	O	O	1
le	O	O	1
bras	O	O	1
,	O	O	1
il	O	O	1
le	O	O	1
serrait	O	O	1
à	O	O	1
le	O	O	1
casser	O	O	1
,	O	O	1
en	O	O	1
bégayant	O	O	1
:	O	O	1
—	O	O	1
Ne	O	O	1
dis	O	O	1
pas	O	O	1
ça…	O	O	1
ne	O	O	1
dis	O	O	1
pas	O	O	1
ça	O	O	1
…	O	O	1
Pendant	O	O	1
une	O	O	1
heure	O	O	1
,	O	O	1
Labordette	O	S-PER	0
dut	S-pers	O	0
le	O	O	1
raisonner	O	O	1
.	O	O	1
Un	O	O	1
soufflet	O	O	1
rendrait	O	O	1
l’	O	O	1
histoire	O	O	1
odieuse	O	O	1
;	O	O	1
le	O	O	1
soir	O	O	1
,	O	O	1
tout	O	O	1
le	O	O	1
monde	O	O	1
saurait	O	O	1
la	O	O	1
véritable	O	O	1
cause	O	O	1
de	O	O	1
la	O	O	1
rencontre	O	O	1
,	O	O	1
il	O	O	1
serait	O	O	1
la	O	O	1
fable	O	O	1
des	O	O	1
journaux	O	O	1
.	O	O	1
Et	O	O	1
Labordette	O	S-PER	0
revenait	S-pers	O	0
toujours	O	O	1
à	O	O	1
cette	O	O	1
conclusion	O	O	1
:	O	O	1
—	O	O	1
Va	O	O	1
,	O	O	1
va	O	O	1
,	O	O	1
ma	O	O	1
fille	O	O	1
,	O	O	1
ne	O	O	1
compte	O	O	1
que	O	O	1
sur	O	O	1
toi	O	O	1
…	O	O	1
Ton	O	O	1
corps	O	O	1
t’appartient	O	O	1
,	O	O	1
et	O	O	1
il	O	O	1
vaut	O	O	1
mieux	O	O	1
t’en	O	O	1
servir	O	O	1
que	O	O	1
de	O	O	1
subir	O	O	1
un	O	O	1
affront	O	O	1
.	O	O	1
Elle	O	O	1
lança	O	O	1
la	O	O	1
porte	O	O	1
.	O	O	1
D’	O	O	1
une	O	O	1
main	O	O	1
,	O	O	1
il	O	O	1
la	O	O	1
rouvrit	O	O	1
,	O	O	1
tandis	O	O	1
qu’	O	O	1
il	O	O	1
sortait	O	O	1
l’	O	O	1
autre	O	O	1
main	O	O	1
de	O	O	1
la	O	O	1
poche	O	O	1
,	O	O	1
avec	O	O	1
les	O	O	1
ciseaux	O	O	1
.	O	O	1
Et	O	O	1
,	O	O	1
simplement	O	O	1
,	O	O	1
d’	O	O	1
un	O	O	1
grand	O	O	1
coup	O	O	1
,	O	O	1
il	O	O	1
se	O	O	1
les	O	O	1
enfonça	O	O	1
dans	O	O	1
la	O	O	1
poitrine	O	O	1
.	O	O	1
La	O	O	1
figure	O	O	1
de	O	O	1
Georges	O	S-PER	0
s’	S-pers	O	0
éclaira	O	O	1
.	O	O	1
S’	O	O	1
il	O	O	1
s’	O	O	1
était	O	O	1
trompé	O	O	1
par	O	O	1
hasard	O	O	1
?	O	O	1
Il	O	O	1
reprit	O	O	1
:	O	O	1
—	O	O	1
Voyons	O	O	1
,	O	O	1
tu	O	O	1
étais	O	O	1
là	O	O	1
,	O	O	1
dis	O	O	1
la	O	O	1
vérité	O	O	1
…	O	O	1
Est	O	O	1
-ce	O	O	1
moi	O	O	1
qui	O	O	1
les	O	O	1
poussais	O	O	1
?	O	O	1
n’	O	O	1
étaient	O	O	1
-ils	O	O	1
pas	O	O	1
toujours	O	O	1
une	O	O	1
douzaine	O	O	1
à	O	O	1
se	O	O	1
battre	O	O	1
pour	O	O	1
inventer	O	O	1
la	O	O	1
plus	O	O	1
grosse	O	O	1
saleté	O	O	1
?	O	O	1
Ils	O	O	1
me	O	O	1
dégoûtaient	O	O	1
,	O	O	1
moi	O	O	1
!	O	O	1
Je	O	O	1
me	O	O	1
cramponnais	O	O	1
pour	O	O	1
ne	O	O	1
pas	O	O	1
les	O	O	1
suivre	O	O	1
,	O	O	1
j’	O	O	1
avais	O	O	1
peur…	O	O	1
Tiens	O	O	1
!	O	O	1
un	O	O	1
seul	O	O	1
exemple	O	O	1
,	O	O	1
ils	O	O	1
voulaient	O	O	1
tous	O	O	1
m’	O	O	1
épouser	O	O	1
.	O	O	1
Hein	O	O	1
?	O	O	1
une	O	O	1
idée	O	O	1
propre	O	O	1
!	O	O	1
Oui	O	O	1
,	O	O	1
mon	O	O	1
cher	O	O	1
,	O	O	1
j’	O	O	1
aurais	O	O	1
été	O	O	1
vingt	O	O	1
fois	O	O	1
comtesse	O	O	1
ou	O	O	1
baronne	O	O	1
,	O	O	1
si	O	O	1
j’	O	O	1
avais	O	O	1
consenti	O	O	1
.	O	O	1
Eh	O	O	1
bien	O	O	1
!	O	O	1
j’	O	O	1
ai	O	O	1
refusé	O	O	1
,	O	O	1
parce	O	O	1
que	O	O	1
j’	O	O	1
étais	O	O	1
raisonnable	O	O	1
…	O	O	1
Ah	O	O	1
!	O	O	1
je	O	O	1
leur	O	O	1
en	O	O	1
ai	O	O	1
évité	O	O	1
,	O	O	1
des	O	O	1
ordures	O	O	1
et	O	O	1
des	O	O	1
crimes	O	O	1
!	O	O	1
…	O	O	1
Ils	O	O	1
auraient	O	O	1
volé	O	O	1
,	O	O	1
assassiné	O	O	1
,	O	O	1
tué	O	O	1
père	O	O	1
et	O	O	1
mère	O	O	1
.	O	O	1
Je	O	O	1
n’	O	O	1
avais	O	O	1
qu’	O	O	1
un	O	O	1
mot	O	O	1
à	O	O	1
dire	O	O	1
,	O	O	1
et	O	O	1
je	O	O	1
ne	O	O	1
l’	O	O	1
ai	O	O	1
pas	O	O	1
dit	O	O	1
…	O	O	1
Aujourd’hui	O	O	1
,	O	O	1
tu	O	O	1
vois	O	O	1
ma	O	O	1
récompense	O	O	1
…	O	O	1
C’	O	O	1
est	O	O	1
comme	O	O	1
Daguenet	O	S-PER	0
que	S-pers	O	0
j’	O	O	1
ai	O	O	1
marié	O	O	1
,	O	O	1
celui-là	O	O	1
;	O	O	1
un	O	O	1
meurt-de-faim	O	O	1
dont	O	O	1
j’	O	O	1
ai	O	O	1
fait	O	O	1
la	O	O	1
position	O	O	1
,	O	O	1
après	O	O	1
l’	O	O	1
avoir	O	O	1
gardé	O	O	1
gratis	O	O	1
,	O	O	1
pendant	O	O	1
des	O	O	1
semaines	O	O	1
.	O	O	1
Hier	O	O	1
,	O	O	1
je	O	O	1
le	O	O	1
rencontre	O	O	1
,	O	O	1
il	O	O	1
tourne	O	O	1
la	O	O	1
tête	O	O	1
.	O	O	1
Eh	O	O	1
!	O	O	1
va	O	O	1
donc	O	O	1
,	O	O	1
cochon	O	O	1
!	O	O	1
Je	O	O	1
suis	O	O	1
moins	O	O	1
sale	O	O	1
que	O	O	1
toi	O	O	1
!	O	O	1
—	O	O	1
Tant	O	O	1
pis	O	O	1
!	O	O	1
c’	O	O	1
est	O	O	1
ta	O	O	1
faute	O	O	1
.	O	O	1
Est	O	O	1
-ce	O	O	1
qu’	O	O	1
on	O	O	1
entre	O	O	1
comme	O	O	1
cela	O	O	1
?	O	O	1
En	O	O	1
voilà	O	O	1
assez	O	O	1
,	O	O	1
bon	O	O	1
voyage	O	O	1
!	O	O	1
